-1 13.9143 1.83077 5.60131 9.22306 9.01491 4.02895 4.88748 9.9337 9.14283 4.98532 3.68982 12.181 10.5489 6.62563 9.92147 10.054 9.95626 6.96432 2.40563 10.947 8.23589 9.03673 13.6625 9.35107 12.0456 8.65228 6.78688 9.11857 9.52708 10.1685 10.2417 9.53828 9.18499 9.16943 12.6828 12.3943 8.9907 5.15055 9.56804 3.32039 4.24881 9.32492 2.65559 10.5377 9.26372 10.8739 7.23991 9.16767 10.7603 8.65888 6.56167 9.07393 7.61612 8.9765 8.53255 12.3291 3.62484 8.42669 9.4844 9.41487 11.3628 5.76748 9.64616 7.92979 12.0666 8.64374 10.0101 8.79656 8.74128 3.88285 10.015 5.01887 8.88964 10.2198 9.69514 10.0721 9.90212 9.32681 3.53196 9.04258 13.5766 9.43225 6.89055 2.62078 3.74513 12.2176 10.0094 9.20661 10.4905 4.29187 8.93844 7.98525 6.96569 6.36197 2.9229 12.9826 5.93566 8.81919 10.0049 
13.9143 -1 13.6855 14.1548 11.0745 9.92252 14.1652 12.769 9.65343 10.537 13.8231 13.1227 7.33664 10.8504 16.0658 11.039 10.0076 11.1283 9.44504 14.0612 7.048 10.033 11.1858 8.55025 10.403 6.16158 10.7866 12.5846 9.78562 10.4173 9.90018 10.47 10.3507 10.3389 11.5256 7.32171 4.5889 11.5031 13.2302 10.3151 13.8372 14.0812 9.91767 14.7975 8.00043 11.0285 10.1339 13.1444 11.2202 8.95621 11.182 12.4965 10.7485 11.7868 10.8976 11.0506 7.33834 14.8489 11.0359 10.2187 11.6253 9.85563 14.738 9.99534 10.4675 6.71447 10.1946 9.35431 11.0328 11.5999 12.903 10.8536 13.8637 10.1531 9.78246 9.978 11.1603 10.043 12.1224 13.1279 9.76302 4.38535 11.0147 10.7665 14.587 13.3648 8.06143 10.5227 9.57025 8.1603 14.8818 10.227 11.4523 12.2691 12.6278 14.1051 8.04077 11.6456 10.4787 9.92008 
1.83077 13.6855 -1 5.74623 8.95397 8.73455 5.04475 4.9046 9.67024 9.03622 4.69051 3.33252 11.9243 10.3504 7.20812 9.873 9.90834 9.75515 6.91821 3.31276 10.5706 7.98054 8.91968 13.9772 9.06367 11.9015 8.41446 6.91317 8.63222 9.20587 9.84983 10.1193 9.51585 9.02016 9.05999 12.8245 12.3748 8.79733 5.4505 9.31041 3.53925 4.78581 9.04468 3.40683 10.5292 8.9544 11.0744 7.59466 8.94419 11.0678 8.49934 6.17292 9.01347 6.86425 8.80193 8.25933 12.4913 3.97118 8.12281 9.24078 9.34951 11.7811 6.50284 9.35285 7.46477 11.8928 8.32533 9.81959 8.49936 8.69856 3.91044 9.68956 5.66557 8.55381 9.80982 9.5196 9.97707 9.71687 9.16865 3.69255 8.91958 13.4363 9.41087 6.78838 3.40778 4.52227 12.5916 9.96575 9.36026 10.4407 5.2084 8.47967 7.88357 6.08554 6.58978 3.75879 13.239 5.69345 8.47413 9.84563 
5.60131 14.1548 5.74623 -1 10.4877 10.3874 5.30858 7.54557 11.2196 10.3772 6.99296 7.03757 12.7492 11.04 6.54796 10.6214 11.0809 10.668 8.27526 4.99753 12.3313 9.98392 10.0549 14.7226 10.5847 13.1015 9.77092 5.71226 10.9213 10.4647 11.3685 11.0212 10.7365 10.6043 10.0495 13.3553 12.7411 9.79508 5.37995 10.7169 6.10036 6.34225 10.4804 5.27034 12.2964 10.4527 11.7579 3.6433 10.177 12.1246 9.36969 7.71449 10.1425 9.84082 10.4092 9.84401 13.1112 5.68296 9.79254 10.5712 10.2044 12.1694 6.20573 11.0464 9.96182 13.0068 10.1557 11.483 9.90449 9.54499 6.97054 10.9346 7.54522 10.343 11.3573 10.7853 10.634 11.0616 9.9372 6.2793 10.6872 13.8144 10.1117 8.61786 4.81124 5.15943 12.5703 10.9362 10.5902 11.2569 5.47765 10.2163 9.89732 8.62604 7.91157 5.16251 13.9272 8.99359 9.94396 11.5371 
9.22306 11.0745 8.95397 10.4877 -1 4.75909 9.50677 5.99498 3.9499 4.43078 7.41398 7.08245 11.9476 3.54436 12.3376 4.70383 3.2957 2.98434 7.65974 9.03052 9.96125 4.59624 3.95372 10.7446 2.53893 10.1969 3.8041 11.8424 6.18142 2.45758 3.15864 3.36943 4.05976 2.81019 3.57178 9.52117 9.58658 3.37421 9.84927 2.37293 7.7019 10.5626 4.0393 10.3605 7.71664 2.67388 6.64259 11.1811 3.9412 7.68528 4.36515 4.8491 4.38298 10.1043 1.83069 1.85512 9.03054 11.0354 3.09353 3.49252 3.3007 8.3272 10.3247 3.24556 3.91801 11.2463 4.05115 5.21197 3.79518 2.52112 7.88652 2.53833 9.91927 3.87241 4.22861 3.80951 3.15354 2.72431 3.65994 7.71708 5.54853 11.2842 3.09485 6.04163 10.1979 8.75117 10.3428 3.12552 5.50899 7.2742 11.3045 5.29504 4.00232 9.93285 6.32533 10.2237 9.26997 5.43757 3.80788 4.60089 
9.01491 9.92252 8.73455 10.3874 4.75909 -1 9.49003 6.80187 2.95631 5.71545 7.90257 7.25715 9.57171 5.35417 12.7845 6.71707 4.04677 5.21574 6.34577 9.15785 7.76608 3.71698 5.30238 10.2509 4.47678 8.19226 5.04308 10.9007 4.99807 3.62162 4.07635 4.59834 5.58428 3.98236 5.89215 8.51751 8.15206 5.53207 8.51522 3.92835 8.15643 9.99597 2.97075 10.3198 5.90781 5.08427 7.54597 10.6745 5.57671 6.98437 5.93432 5.70921 6.02331 8.07564 4.77656 4.04052 8.39721 10.8892 4.75182 3.05295 6.01397 8.49461 10.9915 3.6939 3.13328 9.12571 2.28222 5.25804 5.23549 5.37852 7.14973 4.99164 9.37633 2.45239 4.55012 3.85486 5.6313 4.16286 6.49605 7.22021 4.98966 9.88085 4.95961 5.60097 10.0981 8.51048 9.53592 5.03424 5.74676 6.80159 11.2286 3.66339 5.83754 7.99602 6.29028 9.88327 8.44034 5.27229 3.1136 4.48722 
4.02895 14.1652 5.04475 5.30858 9.50677 9.49003 -1 5.70924 10.2487 9.46495 5.504 5.57556 12.8106 10.2564 6.44034 9.76042 10.0089 9.71362 7.74295 3.16831 12.2476 9.13353 9.0199 13.0503 9.75719 12.5515 9.17795 7.43749 10.5491 9.72373 10.5705 9.98877 9.53432 9.53711 8.94281 12.0971 12.4038 8.91108 5.18798 9.81116 4.06087 4.56988 9.70956 3.62924 10.6796 9.66927 10.6249 6.41679 9.41033 10.3956 8.85388 6.95006 9.21296 9.8025 9.27298 8.94707 11.9316 5.10882 8.96364 9.76438 9.15962 10.2526 3.90989 10.1385 8.94174 12.7938 9.25227 10.7485 9.22788 8.4718 5.00747 10.2688 4.9418 9.39019 10.7146 10.0841 9.65027 10.0824 9.17088 4.68719 9.874 13.9295 9.08819 7.04513 3.40408 2.5025 11.2962 9.85637 9.546 10.8695 4.7307 9.56148 8.42183 9.00595 5.83667 3.2641 12.1943 7.25665 9.27596 10.0613 
4.88748 12.769 4.9046 7.54557 5.99498 6.80187 5.70924 -1 7.20889 6.64828 3.45683 2.72968 12.3518 7.45211 9.34642 7.11742 6.90871 6.70885 6.33874 4.86695 10.5654 6.33502 5.61783 12.6856 6.47362 11.5346 6.23502 9.54422 7.07906 6.33736 7.3214 7.04894 6.68581 5.94913 5.63253 11.6041 11.2635 5.97666 7.09878 6.5866 3.32631 6.72242 6.81409 6.33258 9.37288 6.00983 8.96476 8.95849 6.3078 9.67553 6.15343 3.76684 6.38312 8.55402 5.74208 5.39622 11.1032 7.40234 5.76411 6.55643 5.97446 10.2036 6.65403 6.7161 5.69386 12.0918 6.2405 8.11579 6.13189 5.34937 4.3178 7.11781 6.62256 6.3175 7.40046 7.20792 6.59077 6.86403 6.04747 4.02504 7.39632 12.9865 5.96293 4.75021 6.13778 4.97529 11.3237 6.78132 7.32479 9.02903 7.81675 7.15078 4.20746 8.19375 4.17744 5.91201 11.4985 3.51033 6.32253 6.90817 
9.9337 9.65343 9.67024 11.2196 3.9499 2.95631 10.2487 7.20889 -1 5.55933 8.39096 8.09925 9.70444 4.57036 13.6762 6.22831 3.04576 4.47092 7.17595 9.99681 7.96345 3.72038 4.63746 9.9821 3.55524 8.31725 4.91418 11.8195 5.06032 2.8392 2.84511 3.70149 5.10896 3.18378 5.30682 7.90413 7.90789 5.24609 9.44357 2.82166 8.92864 10.8575 2.70126 11.2533 5.59267 4.73227 7.28847 11.4708 5.17718 6.76572 5.79376 6.14805 5.7391 8.84038 4.26802 3.54272 7.84349 11.8569 4.59326 2.3952 5.40093 8.20606 11.5046 2.88553 3.29702 9.40227 2.43131 4.76489 5.05556 4.88568 7.99639 4.22686 10.1734 2.4455 3.66422 2.89322 4.67251 2.83393 6.13592 8.15345 5.06475 9.71251 4.30558 5.83035 11.0477 9.2503 9.36728 3.73422 5.45413 6.75419 12.2063 3.57054 5.6024 8.90891 6.6898 10.7476 7.85656 5.8317 2.76472 3.28786 
9.14283 10.537 9.03622 10.3772 4.43078 5.71545 9.46495 6.64828 5.55933 -1 8.53107 7.58306 11.8085 4.19539 11.9394 2.26524 4.54006 4.53917 7.17414 9.05453 9.7504 5.11467 6.26941 9.14696 3.49175 9.49529 2.55084 11.3998 6.29958 4.83217 5.38431 4.50833 1.66296 5.1544 5.72458 9.03581 9.22951 3.09345 9.55619 5.04911 8.08633 10.5672 4.94084 10.2366 7.49548 4.87576 3.86631 10.793 2.74848 6.78847 2.34031 5.78906 1.52318 10.6138 3.66412 4.36833 8.2821 10.699 2.72003 4.91481 5.42197 7.03422 10.6063 5.4767 5.6703 10.9531 5.62839 4.11208 2.31663 4.1488 8.61318 4.47378 9.83934 5.47942 3.86466 5.69339 4.9749 5.23467 5.40872 8.16916 3.49958 10.5296 4.72398 6.06159 9.99825 8.64219 9.95171 5.15849 5.34033 4.9941 10.8546 5.81434 5.64069 9.87613 7.17791 10.2217 8.58345 6.36077 5.96078 6.5739 
4.98532 13.8231 4.69051 6.99296 7.41398 7.90257 5.504 3.45683 8.39096 8.53107 -1 3.20703 12.8624 8.62652 9.17643 8.71481 8.35601 7.95815 7.69711 4.95195 11.6504 7.78426 6.44258 14.043 8.08588 12.5993 7.99938 9.67945 8.55593 7.5974 8.55002 8.4029 8.57573 7.46859 6.62688 12.6884 12.4774 7.39228 6.66819 7.84593 2.99928 6.30951 8.09648 6.06554 10.4126 7.24537 10.8447 8.82086 7.78044 11.1149 7.86863 4.28015 8.26432 8.1608 7.45129 6.77486 12.4687 7.24113 7.34567 7.86433 7.1714 11.499 6.43015 7.91384 6.74675 12.7363 7.36145 9.86993 7.62778 6.84198 3.95963 8.41475 6.43753 7.45222 8.8272 8.4335 7.8358 8.19585 7.08846 3.95239 9.21644 13.969 7.3779 5.67072 5.89951 4.97128 12.4074 8.1995 9.36583 10.7301 7.89296 7.84321 5.81894 7.72802 4.16314 5.54177 12.5976 4.65126 7.24451 7.91015 
3.68982 13.1227 3.33252 7.03757 7.08245 7.25715 5.57556 2.72968 8.09925 7.58306 3.20703 -1 12.1598 8.68564 8.50333 8.33965 8.11507 7.97023 6.41171 4.20548 10.2546 6.70192 6.99838 13.2677 7.50951 11.5672 6.99622 8.74738 7.2704 7.4087 8.22062 8.35596 7.89443 7.08322 7.12744 12.2927 11.7913 7.10912 6.36861 7.59697 2.64199 5.82738 7.52672 5.24746 9.63671 7.00431 9.91158 8.65118 7.35021 10.2438 7.11942 4.47103 7.53124 7.31638 6.92556 6.43962 11.9048 6.10965 6.55164 7.51104 7.41687 10.9678 6.83385 7.61927 5.91618 11.7351 6.74868 8.67926 6.94252 6.85952 3.25292 8.00059 5.89239 6.9062 8.26292 8.00067 8.16038 7.98349 7.36527 2.95124 7.81106 13.1246 7.51472 5.68981 5.18282 4.8949 12.0452 8.16758 8.22016 9.56633 6.80875 7.3181 5.70775 6.80759 4.93217 5.09748 12.2882 3.42449 6.90778 8.07126 
12.181 7.33664 11.9243 12.7492 11.9476 9.57171 12.8106 12.3518 9.70444 11.8085 12.8624 12.1598 -1 12.2942 14.8446 12.702 10.9984 12.3382 8.1551 12.5465 6.25565 9.29841 11.7329 10.5047 11.1003 4.9858 11.4472 9.74809 9.57402 11.0477 10.3976 11.6641 11.7727 10.8978 12.6343 8.0489 6.70689 12.5141 10.8495 10.856 12.8083 12.7446 9.76219 13.0253 7.61675 12.2126 11.9252 11.4156 12.0973 9.39562 12.1528 12.4778 12.0961 8.64805 11.8871 11.4016 8.52056 12.9692 11.5497 10.4509 12.9155 11.1253 14.189 10.5012 9.91617 4.25243 9.68377 9.94216 11.8415 12.5936 11.0757 11.7714 12.7099 9.88509 10.6175 9.90129 12.4708 10.8182 13.4342 11.3504 9.88589 6.40734 12.0946 10.6919 12.9595 11.9671 8.12963 11.5501 10.2572 9.16874 12.9845 9.28125 12.3533 9.23089 11.8494 12.4933 9.53851 11.0017 10.0634 10.2815 
10.5489 10.8504 10.3504 11.04 3.54436 5.35417 10.2564 7.45211 4.57036 4.19539 8.62652 8.68564 12.2942 -1 13.0519 3.69274 2.92936 2.09262 8.76329 10.2609 10.6327 5.96421 5.14495 9.88869 3.53142 10.3662 4.06912 12.7555 7.05266 3.30445 4.47404 2.29641 3.5341 4.7512 4.50028 9.2923 9.46665 2.74405 10.4788 4.10294 8.9387 11.3931 4.41963 11.4278 7.99836 4.15587 5.64879 11.526 3.44469 7.65922 4.06786 5.68198 3.99051 11.5212 3.59555 3.7877 8.85295 12.0834 3.81802 3.79012 4.16058 7.64676 10.9169 4.80084 5.7891 11.8488 5.2454 5.55116 3.73804 2.99444 9.37381 3.30428 10.7373 4.68215 3.84983 5.31231 2.74136 4.05266 4.19455 9.18291 5.96478 11.186 3.246 6.66492 11.1589 9.50071 10.2002 3.99796 6.3736 6.66746 12.3246 5.82152 5.68333 10.9319 7.26353 11.1851 8.65865 7.30169 5.30783 5.65641 
6.62563 16.0658 7.20812 6.54796 12.3376 12.7845 6.44034 9.34642 13.6762 11.9394 9.17643 8.50333 14.8446 13.0519 -1 12.2647 13.2389 12.6502 10.8872 6.38562 14.2306 12.2271 12.5783 14.8418 12.5999 14.6999 11.5919 7.83622 13.2627 12.9255 13.6333 13.1566 12.3122 12.7917 12.1868 15.1802 14.8966 11.667 8.59578 12.9878 7.47457 6.90304 12.9511 4.80448 14.0908 12.3107 12.5091 7.70311 12.1519 13.0328 11.354 10.2848 11.8715 12.0882 12.0902 12.094 14.8796 4.53848 11.6502 13.0483 12.0939 12.7589 6.18842 13.2303 12.1786 14.8095 12.6388 12.9534 11.8448 11.6357 8.68723 12.6722 7.79309 12.7198 13.5507 13.1975 12.7952 13.2476 11.7041 8.34415 12.238 15.6588 12.448 11.6455 5.0407 7.62975 13.9146 13.0342 12.2928 13.0213 3.61958 12.8785 11.7128 11.0694 10.0812 6.41455 15.0733 10.6576 12.6387 13.8564 
9.92147 11.039 9.873 10.6214 4.70383 6.71707 9.76042 7.11742 6.22831 2.26524 8.71481 8.33965 12.702 3.69274 12.2647 -1 4.77067 4.20779 8.2494 9.6527 10.9219 6.30311 6.21251 9.5154 4.05622 10.4968 3.46396 12.225 7.36719 5.16359 5.89106 4.40841 2.1765 5.758 5.44337 9.45241 9.88174 2.78787 10.1803 5.54717 8.56475 11.1089 5.74119 10.8259 8.46223 5.15218 4.20493 11.0695 2.68269 7.62876 2.46123 5.92932 1.75857 11.7168 4.05002 4.79483 8.74882 11.3668 3.57142 5.52627 5.12841 7.20169 10.5484 6.12808 6.74585 11.9899 6.61872 5.38835 2.77117 3.84326 9.40154 4.63621 10.4042 6.33056 4.35616 6.43145 4.40155 5.64174 4.98199 8.96445 5.07815 11.2335 4.54884 6.50668 10.5484 9.04221 10.2773 5.22173 6.34504 5.92454 11.4846 6.59352 5.90012 10.8864 7.36495 10.7519 8.78999 7.32518 6.68213 6.86656 
10.054 10.0076 9.90834 11.0809 3.2957 4.04677 10.0089 6.90871 3.04576 4.54006 8.35601 8.11507 10.9984 2.92936 13.2389 4.77067 -1 2.79076 7.57399 9.87937 9.36247 4.59717 4.47754 9.52987 3.05743 9.25388 4.22869 12.1592 5.92207 2.28862 3.23855 2.08728 3.8102 3.41515 4.3476 8.40527 8.47385 3.73089 10.0401 3.0931 8.68093 11.0098 3.0046 11.2061 6.69836 4.00193 5.95561 11.3698 4.06585 6.79184 4.78185 5.85756 4.53755 10.433 3.19774 3.19562 8.04528 11.9412 4.01448 2.37067 4.24293 7.5608 10.8767 3.68175 4.53374 10.6027 3.78783 4.84299 4.24268 3.40615 8.54211 3.40885 10.3296 3.11453 3.5516 3.9896 3.0994 2.9574 4.82947 8.46699 5.23661 10.2998 2.80618 5.97056 10.948 9.12736 9.24931 3.092 5.28104 6.29326 12.0852 5.0007 4.9753 10.2459 6.79511 10.7371 7.9784 6.21504 4.15909 4.03768 
9.95626 11.1283 9.75515 10.668 2.98434 5.21574 9.71362 6.70885 4.47092 4.53917 7.95815 7.97023 12.3382 2.09262 12.6502 4.20779 2.79076 -1 8.55848 9.69618 10.5584 5.78236 4.55428 10.383 3.34563 10.5905 3.99819 12.4759 6.83463 2.69186 4.09788 2.11868 3.89789 4.06357 3.74742 9.63577 9.68832 2.88116 10.2373 3.53409 8.33762 10.8391 4.31766 10.8666 8.15043 3.51739 6.20033 11.3228 3.74338 7.94504 4.25326 5.084 4.27993 11.1683 3.14236 3.28568 9.15973 11.5323 3.74845 3.54709 3.37018 8.10242 10.2977 4.38252 5.27275 11.9708 4.89367 5.70144 3.94742 2.58672 8.80319 2.98738 10.225 4.25154 4.12975 5.09372 2.38433 3.61595 3.48321 8.65651 6.11968 11.4742 2.77517 6.32248 10.5698 9.07774 10.3889 3.52966 6.15051 7.0623 11.8587 5.83462 4.96855 10.6462 6.88683 10.5712 9.12841 6.73548 4.88854 5.18562 
6.96432 9.44504 6.91821 8.27526 7.65974 6.34577 7.74295 6.33874 7.17595 7.17414 7.69711 6.41171 8.1551 8.76329 10.8872 8.2494 7.57399 8.55848 -1 6.97566 7.47138 5.3939 7.75453 10.5979 7.34428 7.52458 7.05525 7.07852 6.80434 7.40758 7.63474 8.21663 7.41128 7.00692 8.38188 8.85526 7.79324 7.85258 6.96849 7.38321 6.95488 8.80431 6.44049 8.25517 7.13299 8.07912 8.60569 7.70527 7.78913 7.78327 7.27982 7.19785 7.15274 7.57707 7.38765 6.92337 8.5047 8.77159 6.87745 6.91601 8.64155 9.02382 9.7465 7.30627 6.21225 7.521 6.18152 7.5303 7.25297 7.67403 6.03047 8.28234 8.70555 6.52121 7.68534 6.90959 8.65109 7.65083 9.05296 5.73714 6.31771 8.97603 7.77972 5.73313 8.15929 6.51426 8.14491 8.02104 6.96841 6.94806 8.45767 6.451 7.29708 7.35577 6.67802 8.0136 9.39909 5.69955 6.62462 7.65917 
2.40563 14.0612 3.31276 4.99753 9.03052 9.15785 3.16831 4.86695 9.99681 9.05453 4.95195 4.20548 12.5465 10.2609 6.38562 9.6527 9.87937 9.69618 6.97566 -1 11.6514 8.3121 8.87858 13.574 9.25528 12.4186 8.65802 6.72626 9.64334 9.41314 10.1119 10.0373 9.33515 9.07998 8.83748 12.6599 12.4937 8.63736 4.89177 9.41137 2.91854 4.64485 9.28994 2.75845 10.7602 9.15401 10.5764 6.57532 8.96954 10.5925 8.50794 6.49016 8.9136 8.61723 8.78065 8.33747 12.2976 4.32347 8.33705 9.3955 9.0733 10.9258 5.24277 9.66826 8.1926 12.4327 8.73186 10.1753 8.66215 8.30479 4.18965 9.89336 4.97443 8.9844 10.2807 9.54862 9.65363 9.78257 8.99809 3.39445 9.26633 13.792 9.02622 7.08773 2.88202 2.98463 11.9197 9.70802 9.20581 10.548 4.07907 9.07369 7.94189 7.92449 5.84611 3.20074 12.8965 6.29897 8.78744 10.0047 
10.947 7.048 10.5706 12.3313 9.96125 7.76608 12.2476 10.5654 7.96345 9.7504 11.6504 10.2546 6.25565 10.6327 14.2306 10.9219 9.36247 10.5584 7.47138 11.6514 -1 7.38715 10.2511 10.4525 9.14853 5.85224 9.19215 10.5153 6.70949 9.30017 8.62175 10.0696 9.89122 8.93319 11.0119 8.80637 6.21827 10.7034 10.2368 9.08947 11.4386 11.0721 8.10082 12.1091 6.4262 10.1409 10.4751 11.8611 10.2503 8.73956 10.1783 10.6338 10.1484 7.40089 9.86665 9.50637 8.82466 11.9576 9.47797 8.6582 11.1661 10.7303 13.4555 8.65986 7.70754 5.57432 7.7168 7.74937 9.76354 10.9044 9.8215 9.80119 10.9177 7.97365 8.52581 8.32483 11.0365 9.05347 11.6468 10.0642 7.70143 6.65919 10.5547 9.34452 12.1141 11.2458 10.1449 9.95921 8.40174 8.07756 12.4594 7.55434 10.3539 7.88855 10.717 11.4853 9.47827 8.81129 8.16718 8.80685 
8.23589 10.033 7.98054 9.98392 4.59624 3.71698 9.13353 6.33502 3.72038 5.11467 7.78426 6.70192 9.29841 5.96421 12.2271 6.30311 4.59717 5.78236 5.3939 8.3121 7.38715 -1 5.81254 10.265 3.58884 8.0665 4.25306 10.016 4.33916 4.28143 4.05847 5.41501 5.21924 4.38838 6.52079 8.58939 8.20629 5.24275 7.90294 4.00268 7.64532 9.64972 2.85241 9.64774 5.63884 5.66952 7.1191 10.2224 4.98418 6.33742 5.35212 6.048 5.46515 7.47172 4.43223 3.6974 8.28687 10.1515 3.9162 3.7702 6.73077 8.16079 10.8649 4.4694 3.0692 8.79911 3.03231 4.26603 4.50047 5.37348 6.67009 4.87533 8.90139 3.24156 4.24951 3.66699 6.17348 4.55116 7.17798 6.42951 3.85359 9.79963 5.54575 5.76501 9.6061 7.98292 9.5498 5.37387 5.26046 6.32687 10.3288 3.18229 6.07511 7.35731 6.28927 9.38003 8.79047 4.56872 3.34215 5.22335 
9.03673 11.1858 8.91968 10.0549 3.95372 5.30238 9.0199 5.61783 4.63746 6.26941 6.44258 6.99838 11.7329 5.14495 12.5783 6.21251 4.47754 4.55428 7.75453 8.87858 10.2511 5.81254 -1 11.6677 4.73728 10.4811 5.8185 11.8386 6.86297 3.76378 4.47493 4.44699 5.69786 3.33623 3.11476 9.78785 9.76525 5.23866 9.38495 3.8108 7.41516 10.0521 5.07401 10.2795 8.08635 3.77738 8.24635 10.7959 5.54096 8.54038 5.96215 4.78891 6.05004 9.86301 4.19059 3.66002 9.53514 11.2057 5.28872 4.30706 3.43596 9.20366 9.60141 3.77293 4.74745 11.4047 4.6398 6.90277 5.68637 3.98266 7.29181 5.09178 9.56215 4.70871 5.66849 4.5811 3.71944 3.48568 4.23226 7.36463 7.05626 11.6186 3.36367 5.47529 10.0201 8.23775 10.174 3.54031 6.39859 8.38764 11.4242 6.07602 3.60131 9.9224 5.17414 9.60791 9.49761 5.37895 4.20047 3.64531 
13.6625 8.55025 13.9772 14.7226 10.7446 10.2509 13.0503 12.6856 9.9821 9.14696 14.043 13.2677 10.5047 9.88869 14.8418 9.5154 9.52987 10.383 10.5979 13.574 10.4525 10.265 11.6677 -1 10.2228 7.49742 10.1209 13.5483 11.2499 10.5548 10.2913 9.70247 8.86915 10.6595 11.558 5.67436 7.81824 10.5029 13.3098 10.5459 13.3537 14.1106 9.9716 14.1764 7.26324 11.1815 6.69935 13.7182 10.4157 5.91714 10.3826 12.6455 9.38256 13.8753 10.394 10.9701 5.53601 14.4248 10.4215 10.1696 11.2381 5.27452 13.9924 10.6168 11.0675 9.16896 10.6167 8.70151 10.398 10.8031 12.9844 10.431 13.282 10.3865 10.0312 10.3228 10.5921 10.2252 11.6859 13.0179 8.86265 7.84617 10.4347 10.8761 14.0396 12.6747 6.43925 10.2087 8.70634 7.43225 13.9105 10.692 11.5277 13.8904 12.236 13.9949 4.55277 11.8516 11.2276 10.5062 
9.35107 10.403 9.06367 10.5847 2.53893 4.47678 9.75719 6.47362 3.55524 3.49175 8.08588 7.50951 11.1003 3.53142 12.5999 4.05622 3.05743 3.34563 7.34428 9.25528 9.14853 3.58884 4.73728 10.2228 -1 9.45386 2.847 11.5627 5.40344 2.87615 2.88908 3.37983 3.2027 3.40677 4.5228 9.02152 8.92529 2.95543 9.56243 2.74817 8.22675 10.5681 3.36676 10.531 6.98212 3.70225 5.83288 11.1149 2.91461 6.90874 3.66305 5.39484 3.78201 9.7692 2.10179 2.25891 8.48345 11.0658 2.32855 3.33424 4.55415 7.82771 10.7816 3.62982 3.88498 10.7291 3.99146 3.70683 2.72379 3.2892 8.18644 2.57693 9.84692 3.71168 2.71004 3.77909 3.67875 3.09983 4.78419 7.9801 4.26731 10.6234 3.73892 6.05953 10.3528 8.92004 10.1336 3.58777 5.13767 6.23048 11.4038 4.45965 5.00055 9.41175 6.74802 10.3176 8.92533 5.74607 3.90362 4.65095 
12.0456 6.16158 11.9015 13.1015 10.1969 8.19226 12.5515 11.5346 8.31725 9.49529 12.5993 11.5672 4.9858 10.3662 14.6999 10.4968 9.25388 10.5905 7.52458 12.4186 5.85224 8.0665 10.4811 7.49742 9.45386 -1 9.42448 10.8 8.45372 9.5132 8.94594 9.8749 9.53306 9.30827 11.2006 5.87204 5.03567 10.7591 11.1702 9.28426 12.2498 12.8725 8.42526 13.0829 5.23113 10.4195 9.09042 11.8093 10.3833 6.56046 10.2216 11.3606 9.88558 9.77518 10.0471 9.90543 6.06096 13.1302 9.82071 8.94168 11.176 8.24453 13.8857 8.92425 8.8011 3.86406 8.4407 7.62156 10.0731 10.8903 10.9268 9.91151 12.4882 8.61812 9.03825 8.51911 10.8439 9.1879 11.7301 11.0199 7.71 4.61451 10.3663 9.63185 12.9475 11.6721 6.31639 9.79503 7.77748 6.4529 12.978 8.35954 10.8554 10.1338 11.1192 12.5973 6.70398 9.93207 8.98886 9.21284 
8.65228 10.7866 8.41446 9.77092 3.8041 5.04308 9.17795 6.23502 4.91418 2.55084 7.99938 6.99622 11.4472 4.06912 11.5919 3.46396 4.22869 3.99819 7.05525 8.65802 9.19215 4.25306 5.8185 10.1209 2.847 9.42448 -1 10.952 5.45974 4.04937 4.79636 4.32392 2.83836 4.67017 5.52676 9.44735 9.3139 3.06211 9.01871 4.2976 7.66093 10.0885 4.20086 9.73176 7.36909 4.5366 4.97463 10.3087 2.78341 7.03925 2.19961 5.02764 2.7172 9.82719 3.41809 3.62938 8.73877 10.0977 2.10282 4.2387 5.22085 7.71377 10.2196 4.92019 4.80817 10.9376 4.69507 3.45116 2.25721 3.84494 7.97559 3.69434 9.52169 4.60449 3.36284 5.09752 4.84824 4.64512 5.20333 7.52373 3.17755 10.7329 4.56403 6.07294 9.51336 8.30927 10.4269 4.88596 4.78984 5.19295 10.4503 4.92044 5.66096 8.94405 6.81088 9.74215 9.20143 5.84558 4.95651 6.31545 
6.78688 12.5846 6.91317 5.71226 11.8424 10.9007 7.43749 9.54422 11.8195 11.3998 9.67945 8.74738 9.74809 12.7555 7.83622 12.225 12.1592 12.4759 7.07852 6.72626 10.5153 10.016 11.8386 13.5483 11.5627 10.8 10.952 -1 11.1413 11.7959 12.0425 12.5068 11.8103 11.6188 12.1007 12.1146 11.2249 11.6952 6.67871 11.6984 8.40609 8.0218 11.1052 6.67505 11.3998 12.0683 12.1356 4.72235 11.7602 11.2821 11.0175 10.3793 11.4634 8.99806 11.6872 11.2128 11.9307 6.43062 11.0368 11.6249 12.3048 11.9803 8.86458 11.8575 10.5506 10.1832 10.7906 11.4169 11.3439 11.5836 7.96886 12.1638 8.97582 11.1097 12.1817 11.2706 12.5392 12.0073 12.2923 7.54604 10.5884 11.7013 11.9332 10.0145 6.70501 7.18053 10.9735 12.2279 10.6727 10.7626 5.80721 10.6739 11.6059 8.28674 10.0084 6.95219 13.2269 9.97129 10.8871 12.3516 
9.11857 9.78562 8.63222 10.9213 6.18142 4.99807 10.5491 7.07906 5.06032 6.29958 8.55593 7.2704 9.57402 7.05266 13.2627 7.36719 5.92207 6.83463 6.80434 9.64334 6.70949 4.33916 6.86297 11.2499 5.40344 8.45372 5.45974 11.1413 -1 5.60112 5.5885 6.61916 6.5287 5.71083 7.5245 9.70865 8.75149 6.69091 9.07025 5.60644 8.74418 10.2906 4.93016 10.6967 6.89885 6.59515 8.38425 11.322 6.11511 8.58567 6.33197 6.90271 6.58175 7.26108 6.14482 5.51348 9.26524 10.9856 5.70459 5.27058 7.79486 10.1782 11.711 5.71794 4.76075 9.31126 4.73154 5.45848 5.84681 6.89755 7.96486 6.27742 9.83584 4.77974 4.91148 5.66048 7.33555 5.97406 8.09684 7.77436 5.15862 10.0336 6.89243 6.58212 10.5413 9.32247 11.043 6.75673 6.21064 6.95778 11.5493 4.93514 6.89412 7.16846 7.95375 10.1475 9.98184 5.69477 5.14802 6.24455 
9.52708 10.4173 9.20587 10.4647 2.45758 3.62162 9.72373 6.33736 2.8392 4.83217 7.5974 7.4087 11.0477 3.30445 12.9255 5.16359 2.28862 2.69186 7.40758 9.41314 9.30017 4.28143 3.76378 10.5548 2.87615 9.5132 4.04937 11.7959 5.60112 -1 2.60042 2.41028 4.36527 2.56626 3.81227 8.98105 8.82736 3.75552 9.55277 2.10148 8.11124 10.6432 2.99349 10.7467 7.11887 3.15484 6.87233 11.0222 4.2121 7.51278 4.70173 4.87233 4.83951 9.70545 2.87308 2.30167 8.68804 11.4447 3.66097 2.24349 3.67045 8.34214 10.6165 2.83823 3.5729 10.6681 2.95636 5.17078 4.15647 3.11667 7.90965 2.95373 10.0911 2.54022 3.66791 3.44283 3.05468 2.40241 4.24138 7.87643 5.46503 10.6288 2.69486 5.64524 10.4785 8.81287 9.82023 2.93622 5.44257 6.80092 11.7466 4.52855 4.42149 9.53238 6.36195 10.3273 8.8513 5.57149 2.93226 3.90674 
10.1685 9.90018 9.84983 11.3685 3.15864 4.07635 10.5705 7.3214 2.84511 5.38431 8.55002 8.22062 10.3976 4.47404 13.6333 5.89106 3.23855 4.09788 7.63474 10.1119 8.62175 4.05847 4.47493 10.2913 2.88908 8.94594 4.79636 12.0425 5.5885 2.60042 -1 3.54241 4.96055 2.98698 4.80625 8.52054 8.31545 4.77518 10.0548 2.1565 9.02301 11.1899 3.34243 11.4432 6.46227 4.03274 7.14579 11.739 4.82243 7.09283 5.65066 6.25724 5.66645 9.46127 3.42502 2.9482 8.2423 12.0678 4.23467 3.13501 4.88084 8.33354 11.6241 2.95642 3.55678 9.97636 3.43171 4.73657 4.82836 4.44107 8.51513 3.35796 10.4844 3.16926 3.78577 3.15558 4.14539 2.54351 5.43027 8.49377 5.49575 10.0294 4.07683 6.42741 11.2894 9.64156 9.72563 3.59352 5.56777 6.95551 12.3536 4.36613 5.41235 9.57198 7.15091 10.9952 8.54843 6.1123 3.27571 3.72488 
10.2417 10.47 10.1193 11.0212 3.36943 4.59834 9.98877 7.04894 3.70149 4.50833 8.4029 8.35596 11.6641 2.29641 13.1566 4.40841 2.08728 2.11868 8.21663 10.0373 10.0696 5.41501 4.44699 9.70247 3.37983 9.8749 4.32392 12.5068 6.61916 2.41028 3.54241 -1 3.7439 3.85059 4.18611 8.71501 8.92451 3.32404 10.1792 3.35831 8.77251 11.1042 3.70715 11.2848 7.33796 3.91759 5.94105 11.4324 3.87302 7.27637 4.56373 5.60461 4.42365 10.985 3.34808 3.44394 8.38441 12.01 4.03906 2.90042 3.89572 7.60296 10.7804 4.05695 5.06715 11.2984 4.3636 5.41871 4.2346 3.01991 8.9236 3.43819 10.4404 3.70151 3.73226 4.59913 2.51481 3.31505 4.31532 8.80762 5.77706 10.8261 2.54178 6.09992 10.9872 9.20388 9.59306 3.21774 5.83076 6.59015 12.2116 5.41512 5.15115 10.6266 6.86482 10.8755 8.21472 6.74248 4.56117 4.58594 
9.53828 10.3507 9.51585 10.7365 4.05976 5.58428 9.53432 6.68581 5.10896 1.66296 8.57573 7.89443 11.7727 3.5341 12.3122 2.1765 3.8102 3.89789 7.41128 9.33515 9.89122 5.21924 5.69786 8.86915 3.2027 9.53306 2.83836 11.8103 6.5287 4.36527 4.96055 3.7439 -1 4.68921 5.16901 8.70327 9.03655 2.88591 9.91803 4.63669 8.29217 10.7863 4.71855 10.5536 7.25168 4.64054 3.65909 11.0821 2.51107 6.54128 2.58423 5.84784 1.82855 11.0439 3.32799 4.11829 7.98455 11.1539 2.79174 4.51036 4.8157 6.65338 10.4902 5.08934 5.64177 11.0813 5.47524 4.18699 2.5175 3.61864 8.74036 4.2769 10.0002 5.20731 3.53091 5.39634 4.16479 4.57326 5.04341 8.39488 3.84883 10.5316 3.98327 6.10802 10.3392 8.77673 9.57541 4.37932 5.2024 5.05678 11.2429 5.82031 5.30522 10.3857 6.90737 10.4746 8.14881 6.47373 5.75326 5.86453 
9.18499 10.3389 9.02016 10.6043 2.81019 3.98236 9.53711 5.94913 3.18378 5.1544 7.46859 7.08322 10.8978 4.7512 12.7917 5.758 3.41515 4.06357 7.00692 9.07998 8.93319 4.38838 3.33623 10.6595 3.40677 9.30827 4.67017 11.6188 5.71083 2.56626 2.98698 3.85059 4.68921 -1 3.44987 8.97439 8.73431 4.79612 9.5174 2.24702 7.88245 10.3407 3.8709 10.5298 6.96626 2.82184 7.1599 11.0787 4.99551 7.43618 5.29781 5.12327 5.28477 9.41403 2.89834 2.71821 8.63512 11.2897 4.20541 3.03186 3.36924 8.50689 10.4168 2.06666 3.2828 10.2708 3.12887 5.26979 4.79876 3.8364 7.47355 3.80489 9.7289 3.276 4.53143 2.97826 3.83168 2.01305 4.29111 7.48795 5.46818 10.4884 3.25461 5.68726 10.3291 8.70748 9.62223 2.51205 5.04901 7.13842 11.4525 5.14225 3.57957 9.55447 5.93623 10.0473 8.85048 4.9333 2.9828 3.209 
9.16943 11.5256 9.05999 10.0495 3.57178 5.89215 8.94281 5.63253 5.30682 5.72458 6.62688 7.12744 12.6343 4.50028 12.1868 5.44337 4.3476 3.74742 8.38188 8.83748 11.0119 6.52079 3.11476 11.558 4.5228 11.2006 5.52676 12.1007 7.5245 3.81227 4.80625 4.18611 5.16901 3.44987 -1 10.2591 10.1194 4.44636 9.88756 4.009 7.39658 10.1216 5.72335 10.2311 8.82139 2.9012 7.60766 10.8953 5.15332 8.73923 5.49277 4.6208 5.54481 10.8538 3.52721 3.63747 9.84071 11.152 5.00695 4.82611 2.06558 8.94833 9.18737 4.11392 5.30884 12.2343 5.43922 6.92741 5.24174 3.16535 7.89659 4.46158 9.64221 5.2738 5.8173 5.29589 2.9589 3.75367 2.42621 7.90266 7.28635 11.9727 2.88922 5.82716 9.91881 8.42521 10.4822 3.50987 6.44263 8.34846 11.3791 6.90378 3.10389 10.7602 5.7536 9.70807 9.90113 5.92706 5.08757 4.50519 
12.6828 7.32171 12.8245 13.3553 9.52117 8.51751 12.0971 11.6041 7.90413 9.03581 12.6884 12.2927 8.0489 9.2923 15.1802 9.45241 8.40527 9.63577 8.85526 12.6599 8.80637 8.58939 9.78785 5.67436 9.02152 5.87204 9.44735 12.1146 9.70865 8.98105 8.52054 8.71501 8.70327 8.97439 10.2591 -1 6.09603 10.0932 11.7093 8.74278 12.5323 13.3414 8.34224 13.5927 5.17509 10.1002 8.15151 12.2138 9.91713 5.66306 9.7866 11.371 9.10608 11.6819 9.48516 9.5498 2.21072 13.9644 9.69326 8.66511 10.2331 6.1325 13.3151 8.759 9.25972 7.25941 8.69924 8.06225 9.85598 9.85184 11.486 9.55173 12.8093 8.76085 8.95349 8.20146 9.57461 8.52564 10.8728 11.712 8.17682 6.59764 9.28523 8.6854 13.2951 11.3509 5.10614 8.80144 7.49713 7.43427 13.6758 8.71536 10.3773 11.9999 10.8649 12.967 3.4712 10.591 9.09837 8.36295 
12.3943 4.5889 12.3748 12.7411 9.58658 8.15206 12.4038 11.2635 7.90789 9.22951 12.4774 11.7913 6.70689 9.46665 14.8966 9.88174 8.47385 9.68832 7.79324 12.4937 6.21827 8.20629 9.76525 7.81824 8.92529 5.03567 9.3139 11.2249 8.75149 8.82736 8.31545 8.92451 9.03655 8.73431 10.1194 6.09603 -1 10.11 11.3951 8.70304 12.2652 12.5653 8.23978 13.3808 6.23825 9.83193 8.853 11.6721 10.0359 6.91526 9.93842 11.0987 9.49807 10.8903 9.39515 9.37851 6.15212 13.5811 9.60545 8.41178 10.2397 8.10911 13.398 8.55032 8.86168 5.89952 8.39212 7.88794 9.7955 10.004 11.2349 9.34131 12.1912 8.36464 8.73519 8.06941 9.72913 8.43433 10.8202 11.4017 8.263 4.17162 9.4054 9.28306 13.1608 11.6031 6.42085 8.94617 7.64793 6.71169 13.4161 8.64734 10.1275 11.2871 10.7634 12.5372 6.65833 10.0795 8.67334 8.44178 
8.9907 11.5031 8.79733 9.79508 3.37421 5.53207 8.91108 5.97666 5.24609 3.09345 7.39228 7.10912 12.5141 2.74405 11.667 2.78787 3.73089 2.88116 7.85258 8.63736 10.7034 5.24275 5.23866 10.5029 2.95543 10.7591 3.06211 11.6952 6.69091 3.75552 4.77518 3.32404 2.88591 4.79612 4.44636 10.0932 10.11 -1 9.2421 4.33894 7.4012 10.1004 4.49233 9.88569 8.32606 4.04904 5.46671 10.5745 1.9217 7.78957 2.69121 4.50082 2.9989 10.7686 2.85666 3.15855 9.55686 10.5807 2.42059 4.23728 4.26945 7.79953 9.83876 5.24959 5.33269 12.0439 5.28672 5.40367 2.09104 2.31103 8.20156 3.35981 9.39432 4.78578 3.86339 5.60201 3.33264 4.7134 4.06127 7.75862 5.41211 11.7642 3.4253 5.9757 9.68407 8.16936 10.676 4.51929 6.30964 6.64435 10.8196 5.53171 5.03299 9.97769 6.27137 9.7864 9.63967 6.15745 5.27765 6.10526 
5.15055 13.2302 5.4505 5.37995 9.84927 8.51522 5.18798 7.09878 9.44357 9.55619 6.66819 6.36861 10.8495 10.4788 8.59578 10.1803 10.0401 10.2373 6.96849 4.89177 10.2368 7.90294 9.38495 13.3098 9.56243 11.1702 9.01871 6.67871 9.07025 9.55277 10.0548 10.1792 9.91803 9.5174 9.88756 11.7093 11.3951 9.2421 -1 9.56456 5.81534 5.17039 8.76379 5.69518 9.67167 10.0354 11.0518 6.1562 9.34645 10.2774 8.95371 7.36585 9.56837 7.18575 9.69662 8.82529 11.8006 6.36669 8.86912 9.15897 10.1642 10.894 7.82347 9.79899 8.10389 10.9668 8.28711 10.096 8.97985 9.2893 5.17747 10.1963 5.20313 8.61534 10.0319 9.22226 10.2844 10.0228 10.2707 4.56464 9.09284 12.683 9.62345 7.2136 5.56073 4.30854 11.6115 10.123 9.57542 10.1869 6.3494 7.80555 9.47143 6.19698 6.23423 4.81744 12.1078 7.2104 8.2173 9.97354 
9.56804 10.3151 9.31041 10.7169 2.37293 3.92835 9.81116 6.5866 2.82166 5.04911 7.84593 7.59697 10.856 4.10294 12.9878 5.54717 3.0931 3.53409 7.38321 9.41137 9.08947 4.00268 3.8108 10.5459 2.74817 9.28426 4.2976 11.6984 5.60644 2.10148 2.1565 3.35831 4.63669 2.24702 4.009 8.74278 8.70304 4.33894 9.56456 -1 8.27824 10.6963 3.26134 10.8185 6.78841 3.32559 7.0062 11.1619 4.58142 7.14063 5.11472 5.42419 5.18338 9.50783 2.88558 2.24111 8.44478 11.4924 3.85841 2.88135 4.05962 8.22506 10.8277 2.46884 3.40154 10.3991 3.07884 4.8726 4.50053 3.59907 7.93316 3.18005 9.99418 3.12352 3.99567 2.89142 3.56639 1.97865 4.66958 7.83694 5.33425 10.4577 3.40221 6.01652 10.6167 8.95689 9.75327 2.79945 5.11795 6.97295 11.7168 4.5076 4.80883 9.51931 6.41588 10.4156 8.68616 5.58761 2.78757 3.64047 
3.32039 13.8372 3.53925 6.10036 7.7019 8.15643 4.06087 3.32631 8.92864 8.08633 2.99928 2.64199 12.8083 8.9387 7.47457 8.56475 8.68093 8.33762 6.95488 2.91854 11.4386 7.64532 7.41516 13.3537 8.22675 12.2498 7.66093 8.40609 8.74418 8.11124 9.02301 8.77251 8.29217 7.88245 7.39658 12.5323 12.2652 7.4012 5.81534 8.27824 -1 5.17291 8.31204 4.21396 10.276 7.71411 10.0367 7.84036 7.81298 10.408 7.5515 4.92679 7.89165 8.52199 7.54795 7.07309 12.159 5.60104 7.1914 8.18957 7.65726 10.6941 5.54752 8.46542 7.05983 12.4444 7.68489 9.50476 7.55319 6.99852 3.48889 8.65557 5.26615 7.78039 9.18067 8.70551 8.36674 8.63756 7.55956 2.80593 8.64567 13.7362 7.78167 6.08387 4.19404 3.49799 11.9285 8.58637 8.74413 10.0506 5.83396 8.21936 6.35595 7.83997 4.49174 4.152 12.4264 4.74287 7.77589 8.81608 
4.24881 14.0812 4.78581 6.34225 10.5626 9.99597 4.56988 6.72242 10.8575 10.5672 6.30951 5.82738 12.7446 11.3931 6.90304 11.1089 11.0098 10.8391 8.80431 4.64485 11.0721 9.64972 10.0521 14.1106 10.5681 12.8725 10.0885 8.0218 10.2906 10.6432 11.1899 11.1042 10.7863 10.3407 10.1216 13.3414 12.5653 10.1004 5.17039 10.6963 5.17291 -1 10.427 4.1561 11.168 10.3688 12.0071 8.07329 10.4087 11.5884 10.1083 7.85088 10.5802 8.5765 10.2813 9.85484 13.2541 4.92896 9.90339 10.5584 10.3471 11.9709 5.59839 10.7535 9.09961 12.7498 9.75884 11.2284 10.1103 9.97313 5.27246 11.0539 2.62517 9.84639 11.2497 10.8053 10.9275 10.9184 10.3193 5.35009 10.5483 14.0707 10.4501 8.21601 4.17157 4.93189 13.0393 10.937 10.5413 11.6993 5.63746 9.88328 9.34519 7.9113 7.05227 2.70058 13.3584 7.47352 9.78705 10.7218 
9.32492 9.91767 9.04468 10.4804 4.0393 2.97075 9.70956 6.81409 2.70126 4.94084 8.09648 7.52672 9.76219 4.41963 12.9511 5.74119 3.0046 4.31766 6.44049 9.28994 8.10082 2.85241 5.07401 9.9716 3.36676 8.42526 4.20086 11.1052 4.93016 2.99349 3.34243 3.70715 4.71855 3.8709 5.72335 8.34224 8.23978 4.49233 8.76379 3.26134 8.31204 10.427 -1 10.5954 5.90659 4.82478 6.75867 10.7017 4.46155 6.69042 5.08942 5.78336 5.13757 8.6754 4.06116 3.35438 8.11245 11.182 3.89905 2.14635 5.74642 8.08375 11.1474 3.72259 3.41292 9.45614 2.47057 4.5479 4.29871 4.59383 7.64537 4.09018 9.73932 2.0809 3.33914 3.36795 4.86377 3.67792 6.2312 7.46797 4.48013 9.87612 4.31398 5.69889 10.4365 8.56666 9.43083 4.41189 5.48601 6.2242 11.4222 3.22815 5.8498 8.40327 6.42241 10.1939 8.3043 5.52213 3.0258 4.43122 
2.65559 14.7975 3.40683 5.27034 10.3605 10.3198 3.62924 6.33258 11.2533 10.2366 6.06554 5.24746 13.0253 11.4278 4.80448 10.8259 11.2061 10.8666 8.25517 2.75845 12.1091 9.64774 10.2795 14.1764 10.531 13.0829 9.73176 6.67505 10.6967 10.7467 11.4432 11.2848 10.5536 10.5298 10.2311 13.5927 13.3808 9.88569 5.69518 10.8185 4.21396 4.1561 10.5954 -1 11.7164 10.4783 11.5739 6.96364 10.1762 11.5484 9.62479 7.72342 10.1163 9.00036 10.1423 9.7964 13.3085 2.37776 9.52522 10.7485 10.3982 11.7946 5.0525 10.9904 9.39651 13.0658 10.0128 11.1841 9.85149 9.74603 5.13328 11.0437 5.13983 10.2092 11.3898 10.9988 11.0405 11.1162 10.2433 4.81906 10.257 14.4926 10.5169 8.48432 1.65051 4.30608 12.8637 11.1403 10.4731 11.5307 2.83186 10.1806 9.37052 8.04643 7.27502 3.14072 13.7742 7.62864 10.1075 11.3186 
10.5377 8.00043 10.5292 12.2964 7.71664 5.90781 10.6796 9.37288 5.59267 7.49548 10.4126 9.63671 7.61675 7.99836 14.0908 8.46223 6.69836 8.15043 7.13299 10.7602 6.4262 5.63884 8.08635 7.26324 6.98212 5.23113 7.36909 11.3998 6.89885 7.11887 6.46227 7.33796 7.25168 6.96626 8.82139 5.17509 6.23825 8.32606 9.67167 6.78841 10.276 11.168 5.90659 11.7164 -1 8.32958 7.54469 11.7434 7.97813 4.38552 8.26219 9.16711 7.86028 8.84552 7.62211 7.35896 5.39153 12.1817 7.44149 6.42527 8.92753 6.37347 12.3458 6.67193 6.25732 6.60661 5.91716 5.69836 7.77629 8.38059 8.85605 7.78927 10.3495 6.02179 6.80715 6.19339 8.40504 6.68352 9.62665 9.04511 5.90227 7.41354 7.9086 7.08995 11.6163 9.68252 7.25208 7.39907 5.94616 6.40512 12.2107 5.74157 8.57144 9.17635 8.43141 11.1054 5.42488 7.54185 6.49967 6.3608 
9.26372 11.0285 8.9544 10.4527 2.67388 5.08427 9.66927 6.00983 4.73227 4.87576 7.24537 7.00431 12.2126 4.15587 12.3107 5.15218 4.00193 3.51739 8.07912 9.15401 10.1409 5.66952 3.77738 11.1815 3.70225 10.4195 4.5366 12.0683 6.59515 3.15484 4.03274 3.91759 4.64054 2.82184 2.9012 10.1002 9.83193 4.04904 10.0354 3.32559 7.71411 10.3688 4.82478 10.4783 8.32958 -1 7.08629 11.2543 4.58339 8.45515 4.91795 4.52485 5.01615 10.2611 2.60359 3.02418 9.62472 11.1488 4.12156 4.11372 2.45728 8.98132 10.072 3.1591 4.29136 11.5287 4.60281 5.79282 4.45619 3.35136 8.06113 3.38244 9.8226 4.40565 4.8728 4.46242 3.3838 3.27003 2.66226 7.97126 6.23189 11.3428 3.26496 6.11794 10.1869 8.97329 10.6475 3.23046 5.88119 7.50822 11.5002 6.17455 3.43283 10.1532 6.46845 10.0796 9.77456 5.57511 4.40536 4.81121 
10.8739 10.1339 11.0744 11.7579 6.64259 7.54597 10.6249 8.96476 7.28847 3.86631 10.8447 9.91158 11.9252 5.64879 12.5091 4.20493 5.95561 6.20033 8.60569 10.5764 10.4751 7.1191 8.24635 6.69935 5.83288 9.09042 4.97463 12.1356 8.38425 6.87233 7.14579 5.94105 3.65909 7.1599 7.60766 8.15151 8.853 5.46671 11.0518 7.0062 10.0367 12.0071 6.75867 11.5739 7.54469 7.08629 -1 11.5276 5.27539 5.56341 5.02092 8.45289 4.16651 12.6079 5.91886 6.83138 7.26649 11.9889 5.59743 6.75231 7.09605 5.02989 11.4731 7.42 8.0384 11.0431 7.67447 4.74604 5.30548 6.20856 10.5269 6.31212 11.1661 7.42374 6.03651 7.3595 6.44444 6.826 7.23016 10.0879 4.86498 9.8117 6.35277 8.27795 11.403 10.0244 8.7212 6.53778 5.42516 4.42822 11.6679 7.92951 7.88287 11.9674 9.01808 11.6419 7.32136 8.73229 8.12281 8.19977 
7.23991 13.1444 7.59466 3.6433 11.1811 10.6745 6.41679 8.95849 11.4708 10.793 8.82086 8.65118 11.4156 11.526 7.70311 11.0695 11.3698 11.3228 7.70527 6.57532 11.8611 10.2224 10.7959 13.7182 11.1149 11.8093 10.3087 4.72235 11.322 11.0222 11.739 11.4324 11.0821 11.0787 10.8953 12.2138 11.6721 10.5745 6.1562 11.1619 7.84036 8.07329 10.7017 6.96364 11.7434 11.2543 11.5276 -1 10.835 11.4068 9.9529 9.13692 10.5789 10.4608 11.0413 10.6097 12.0186 7.23162 10.5536 10.9528 11.0273 11.4215 7.51776 11.5176 10.6684 11.7101 10.5647 11.5183 10.6175 10.3274 8.21995 11.4418 8.96896 10.8057 11.7511 10.9779 11.264 11.4604 10.946 7.42432 10.7442 12.4685 10.6674 9.3131 6.58217 6.12904 10.9489 11.3342 10.4198 10.7279 6.29241 10.6091 10.8722 9.39985 8.93556 6.79975 13.0081 10.0049 10.4433 11.9362 
9.16767 11.2202 8.94419 10.177 3.9412 5.57671 9.41033 6.3078 5.17718 2.74848 7.78044 7.35021 12.0973 3.44469 12.1519 2.68269 4.06585 3.74338 7.78913 8.96954 10.2503 4.98418 5.54096 10.4157 2.91461 10.3833 2.78341 11.7602 6.11511 4.2121 4.82243 3.87302 2.51107 4.99551 5.15332 9.91713 10.0359 1.9217 9.34645 4.58142 7.81298 10.4087 4.46155 10.1762 7.97813 4.58339 5.27539 10.835 -1 7.77645 2.44884 5.02215 2.76706 10.365 3.34507 3.61259 9.31719 10.8097 2.25848 4.38289 5.02015 8.02 10.4191 5.33624 5.33314 11.6968 5.36022 4.7981 1.49888 3.4008 8.4808 3.97562 9.6764 4.99038 3.05933 5.58584 4.08963 4.88178 4.96959 7.90476 4.64158 11.4813 4.10176 6.08063 10.0195 8.50276 10.8555 4.85906 6.22038 6.11191 11.1292 5.2184 5.43044 9.52334 6.56371 10.0947 9.61339 6.28195 5.42396 6.106 
10.7603 8.95621 11.0678 12.1246 7.68528 6.98437 10.3956 9.67553 6.76572 6.78847 11.1149 10.2438 9.39562 7.65922 13.0328 7.62876 6.79184 7.94504 7.78327 10.5925 8.73956 6.33742 8.54038 5.91714 6.90874 6.56046 7.03925 11.2821 8.58567 7.51278 7.09283 7.27637 6.54128 7.43618 8.73923 5.66306 6.91526 7.78957 10.2774 7.14063 10.408 11.5884 6.69042 11.5484 4.38552 8.45515 5.56341 11.4068 7.77645 -1 7.80606 9.62579 7.212 11.1036 7.32848 7.52621 5.5044 12.0316 7.30666 7.07608 8.60644 3.38949 11.8774 7.37363 7.55336 8.37184 7.09797 5.42505 7.59837 7.86517 9.62637 7.52491 10.6097 7.10259 7.47612 6.86955 8.09979 7.0178 9.21844 9.60014 5.8596 8.16768 7.60721 8.28397 11.4935 9.81247 6.3663 7.30434 5.40817 5.9334 11.5265 7.28683 8.83154 11.1784 8.86648 11.3258 5.23675 8.43929 7.54614 7.57823 
