"V1" "V2" "V3" "V4"
"1" 0.889943176860315 0.0417670900967289 0.0682897330429561 1
"2" 0.856188318262265 0.111566946387929 0.0322447353498053 1
"3" 0.26346569646386 0.72241353563448 0.0141207679016597 2
"4" 0.0158795871581858 0.969664100889744 0.0144563119520703 2
"5" 0.838860469915849 0.0714041634073408 0.0897353666768105 1
"6" 0.0652111338094311 0.0393765408986043 0.895412325291965 3
"7" 0.14107891626706 0.020616425002924 0.838304658730016 3
"8" 0.0292319217878809 0.960439953346049 0.0103281248660703 2
"9" 0.291276640174967 0.666457962419045 0.0422653974059881 2
"10" 0.673507132988318 0.134533577431948 0.191959289579735 1
"11" 0.482263875004722 0.265958377772944 0.251777747222334 1
"12" 0.0234143623422559 0.147007503399826 0.829578134257918 3
"13" 0.123182054832857 0.032957407223454 0.843860537943689 3
"14" 0.188078299372655 0.739537345718267 0.0723843549090774 2
"15" 0.0520166043472533 0.926543104092778 0.0214402915599691 2
"16" 0.619001499632415 0.196694596048656 0.184303904318929 1
"17" 0.683369815051661 0.227386887654133 0.0892432972942066 1
"18" 0.0906999672301595 0.0167317272008058 0.892568305569035 3
"19" 0.11272286069199 0.842137772106151 0.0451393672018587 2
"20" 0.0363651240620577 0.937224277227921 0.0264105987100208 2
"21" 0.244305180841944 0.586185130053736 0.16950968910432 2
"22" 0.495691687571539 0.419360098103995 0.0849482143244667 1
"23" 0.470146878957573 0.373551746987435 0.156301374054992 1
"24" 0.0339392884711954 0.033920150417595 0.93214056111121 3
"25" 0.00759838132676049 0.986208937832135 0.00619268084110436 2
"26" 0.258389293462061 0.725756800779336 0.0158539057586026 2
"27" 0.0598252626218924 0.92689822165656 0.0132765157215478 2
"28" 0.796618170075887 0.0762356561054302 0.127146173818683 1
"29" 0.841324513996173 0.113505904560643 0.0451695814431836 1
"30" 0.0485024072554204 0.105517873989177 0.845979718755402 3
"31" 0.050128581119438 0.94128864056282 0.00858277831774198 2
"32" 0.0188216756119316 0.969592854700198 0.0115854696878704 2
"33" 0.635813732688396 0.297400948697873 0.0667853186137309 1
"34" 0.646133288171264 0.187214026145631 0.166652685683105 1
"35" 0.133292184325845 0.0274771521492457 0.839230663524909 3
"36" 0.0434566838402321 0.0471672705058069 0.909376045653961 3
"37" 0.230354662669343 0.62376351874064 0.145881818590017 2
"38" 0.0203848422577432 0.952250628592491 0.0273645291497657 2
"39" 0.651784599063103 0.161134321431358 0.18708107950554 1
"40" 0.47932105106321 0.0363030878185734 0.484375861118217 3
"41" 0.084428229714971 0.0165225779789442 0.899049192306085 3
"42" 0.0667117948647325 0.90982677041471 0.023461434720557 2
"43" 0.282974358290851 0.701664032783429 0.0153616089257199 2
"44" 0.541400908712639 0.340841161958851 0.11775792932851 1
"45" 0.653741831157868 0.266653804166979 0.0796043646751531 1
"46" 0.105893518544909 0.0279023384621585 0.866204142992933 3
"47" 0.264542820147391 0.71474851325201 0.0207086666005985 2
"48" 0.0117946141996515 0.981319838951514 0.00688554684883456 2
"49" 0.158288402673231 0.811644280164543 0.0300673171622268 2
"50" 0.820427644547177 0.0932575749866635 0.0863147804661598 1
"51" 0.825397997313734 0.0741164495767404 0.100485553109526 1
"52" 0.107125145715556 0.0318973177987356 0.860977536485708 3
"53" 0.400241099883529 0.548265474576735 0.0514934255397368 2
"54" 0.0190579776933527 0.961471629619545 0.0194703926871019 2
"55" 0.349452826360812 0.580612997525343 0.069934176113845 2
"56" 0.657088485649321 0.145501328851565 0.197410185499114 1
"57" 0.47233028330356 0.311445141256893 0.216224575439546 1
"58" 0.0177544646284452 0.135427059601086 0.846818475770469 3
"59" 0.0180538810017407 0.282835636555373 0.699110482442886 3
"60" 0.135262429593908 0.838557456035644 0.0261801143704477 2
"61" 0.190734757114377 0.790783234078294 0.0184820088073294 2
"62" 0.790404650093326 0.146587534290649 0.0630078156160248 1
"63" 0.635763212067728 0.283630849511748 0.0806059384205243 1
"64" 0.236438555708778 0.0347435853836738 0.728817858907548 3
"65" 0.325442605104909 0.657135114788645 0.0174222801064467 2
"66" 0.0204140908565399 0.948781410651192 0.0308044984922682 2
"67" 0.736792486669689 0.181697251858797 0.0815102614715134 1
"68" 0.870439622568764 0.0598994143924761 0.06966096303876 1
"69" 0.153327794097961 0.0355573338580628 0.811114872043977 3
"70" 0.188954154682213 0.0213946789232127 0.789651166394574 3
"71" 0.0296641697167218 0.961166036865047 0.00916979341823164 2
"72" 0.0497181184624106 0.920544412344527 0.0297374691930628 2
"73" 0.844445554117182 0.0981987378649407 0.0573557080178778 1
"74" 0.737466957780031 0.128723425115251 0.133809617104717 1
"75" 0.447140124596623 0.0562997198051907 0.496560155598186 3
"76" 0.0653600197166688 0.922247525956654 0.0123924543266774 2
"77" 0.0240948918194113 0.961809218004381 0.0140958901762072 2
"78" 0.232220773977992 0.715040910113667 0.0527383159083412 2
"79" 0.649933083258407 0.287876352789555 0.0621905639520383 1
"80" 0.0307101448983576 0.0139331846981866 0.955356670403456 3
"81" 0.0169457456238615 0.9521692533089 0.0308850010672388 2
"82" 0.244253415500136 0.488219864989677 0.267526719510187 2
"83" 0.845289186401047 0.0814845876205662 0.0732262259783863 1
"84" 0.626223340319104 0.300925257216618 0.0728514024642777 1
"85" 0.460501922070418 0.0565689458535618 0.48292913207602 3
"86" 0.0292641190602724 0.0303298408249434 0.940406040114784 3
"87" 0.0622522034971276 0.90953203752976 0.0282157589731123 2
"88" 0.0113678754068428 0.962919317058562 0.0257128075345951 2
"89" 0.660683231985883 0.166288333151743 0.173028434862374 1
"90" 0.767763897032781 0.177640913778006 0.0545951891892125 1
"91" 0.27743153644595 0.0337531478681378 0.688815315685912 3
"92" 0.023109145986524 0.968775921298805 0.00811493271467117 2
"93" 0.28968183875724 0.670531347224898 0.0397868140178616 2
"94" 0.582347517915948 0.185798123175348 0.231854358908704 1
"95" 0.152307072813921 0.0210125154584405 0.826680411727639 3
"96" 0.0511229959446827 0.0224216138584582 0.926455390196859 3
"97" 0.105116891882049 0.781375996805371 0.11350711131258 2
"98" 0.278197197483769 0.712205905634555 0.00959689688167544 2
"99" 0.863386570516826 0.0501929602667974 0.0864204692163765 1
"100" 0.607173496205472 0.261422227315569 0.13140427647896 1
"101" 0.0494944558967302 0.0907267848794247 0.859778759223845 3
"102" 0.0154405894148529 0.953951172623346 0.0306082379618009 2
"103" 0.160876793006749 0.693456502994199 0.145666703999052 2
"104" 0.140495251476887 0.822246627426237 0.0372581210968766 2
"105" 0.852893524622583 0.111309543306172 0.0357969320712443 1
"106" 0.794661664615742 0.0539244697377816 0.151413865646477 1
"107" 0.132200183384063 0.044387756196867 0.82341206041907 3
"108" 0.299102152255995 0.67594155023599 0.0249562975080155 2
"109" 0.0804778029553165 0.90557699401935 0.0139452030253334 2
"110" 0.0242642698552617 0.9652150281344 0.0105207020103385 2
"111" 0.83238803202138 0.086849568921398 0.0807623990572224 1
"112" 0.65030744646067 0.130986336232445 0.218706217306884 1
"113" 0.0947565094345161 0.160434622367617 0.744808868197867 3
"114" 0.250711692578067 0.0285648937621853 0.720723413659748 3
"115" 0.0610977449809692 0.928638497058306 0.0102637579607244 2
"116" 0.209698754796121 0.725619002466333 0.0646822427375456 2
"117" 0.755285272722246 0.119439497566308 0.125275229711445 1
"118" 0.675480772631074 0.250923403791711 0.0735958235772143 1
"119" 0.184544425805163 0.0455007392116659 0.769954834983171 3
"120" 0.0540715894057267 0.0333236411830516 0.912604769411222 3
"121" 0.0220263939223336 0.951886381339457 0.0260872247382094 2
"122" 0.116117741408485 0.861673074811341 0.0222091837801742 2
"123" 0.649910007148246 0.287536051950121 0.0625539409016327 1
"124" 0.252180838448296 0.0455963214775847 0.702222840074119 3
"125" 0.38778627406821 0.460435837446053 0.151777888485737 2
"126" 0.753234998432492 0.0863255377126187 0.16043946385489 1
"127" 0.56245581594793 0.154550827162624 0.282993356889446 1
"128" 0.406618813034219 0.572742020288354 0.0206391666774274 2
"129" 0.0445694624072107 0.931374655296763 0.0240558822960266 2
"130" 0.354613372001932 0.628225439013456 0.0171611889846121 2
"131" 0.649376619426681 0.226467601540955 0.124155779032364 1
"132" 0.0510753783991417 0.0178871384363511 0.931037483164507 3
"133" 0.0324897209161558 0.955063468094927 0.0124468109889167 2
"134" 0.0554409339168795 0.918752100343486 0.0258069657396342 2
"135" 0.0204585972389651 0.970438840134746 0.00910256262628898 2
"136" 0.858859992470159 0.110230689992921 0.0309093175369197 1
"137" 0.756678167707413 0.0878382795446757 0.155483552747911 1
"138" 0.170660483221618 0.0417228479356747 0.787616668842707 3
"139" 0.146878405018865 0.0373517688757366 0.815769826105399 3
"140" 0.154531567224439 0.821825665179356 0.0236427675962049 2
"141" 0.203268393727985 0.691833760743179 0.104897845528836 2
"142" 0.628840147716886 0.311061772735343 0.0600980795477704 1
"143" 0.818100786962888 0.0843121716121386 0.0975870414249739 1
"144" 0.0399518557193298 0.0374107331607636 0.922637411119907 3
"145" 0.126651770680735 0.0284754371271423 0.844872792192123 3
"146" 0.303349416315118 0.663725364049781 0.0329252196351004 2
"147" 0.0629335597565236 0.914227688911439 0.0228387513320371 2
"148" 0.536660937234235 0.230281133861041 0.233057928904724 1
"149" 0.0138675863235021 0.102760307592152 0.883372106084346 3
"150" 0.0509263400334507 0.940343877110105 0.00872978285644432 2
"151" 0.0256540322291773 0.96149225551072 0.0128537122601023 2
"152" 0.681073378062988 0.222435495915303 0.0964911260217094 1
"153" 0.578887576418091 0.206466582514763 0.214645841067146 1
"154" 0.206679193886953 0.0132747200339704 0.780046086079077 3
"155" 0.0577965879924478 0.919372220705736 0.0228311913018167 2
"156" 0.244101834339121 0.736343836176923 0.0195543294839563 2
"157" 0.0289810745921454 0.953233764820612 0.0177851605872431 2
"158" 0.849684980578983 0.0591220196091808 0.0911929998118367 1
"159" 0.697896918498364 0.234332127347585 0.0677709541540506 1
"160" 0.275550205687806 0.673461249590157 0.050988544722037 2
"161" 0.0125378878864067 0.980693084608087 0.00676902750550619 2
"162" 0.240055036809446 0.739960894316097 0.0199840688744561 2
"163" 0.836312036366527 0.122482359832486 0.0412056038009874 1
"164" 0.0698525552088694 0.0312393469016009 0.89890809788953 3
"165" 0.105039205508833 0.0246447928627787 0.870316001628388 3
"166" 0.404300930639908 0.537963681075209 0.0577353882848834 2
"167" 0.197610939128084 0.759295726617815 0.0430933342541011 2
"168" 0.610761343965845 0.258826821638238 0.130411834395917 1
"169" 0.678596162237085 0.167609201134789 0.153794636628126 1
"170" 0.0582727047464986 0.042885484593101 0.8988418106604 3
"171" 0.156602979442689 0.0281678966888919 0.815229123868419 3
"172" 0.0546782262170429 0.934691365025442 0.0106304087575153 2
"173" 0.0297866429530825 0.950915551681602 0.0192978053653154 2
"174" 0.747672171157124 0.185877932181145 0.0664498966617305 1
"175" 0.827714177912886 0.0712834465609824 0.101002375526131 1
"176" 0.0565401704531264 0.116087385714998 0.827372443831876 3
"177" 0.1459584552746 0.0265408096122779 0.827500735113122 3
"178" 0.0308821675814803 0.961437121434982 0.00768071098353764 2
"179" 0.0320182969958604 0.959112738149073 0.00886896485506694 2
"180" 0.828616000386694 0.0638500106343063 0.107533988978999 1
"181" 0.87497936775414 0.0628530195223947 0.062167612723465 1
"182" 0.452940896078514 0.0398886031140452 0.507170500807441 3
"183" 0.16835080366875 0.706663032379471 0.124986163951779 2
"184" 0.2295525691369 0.749512927845575 0.0209345030175251 2
"185" 0.0174838775478559 0.965143585040406 0.0173725374117384 2
"186" 0.664959658747677 0.112446912971832 0.222593428280492 1
"187" 0.729564939616407 0.24235476088943 0.0280802994941634 1
"188" 0.0715549895570767 0.898975175380776 0.0294698350621469 2
"189" 0.190010012873113 0.723436005507826 0.0865539816190616 2
"190" 0.197433071107729 0.785110333512895 0.0174565953793758 2
"191" 0.841063649213087 0.0502343975997021 0.108701953187211 1
"192" 0.891219796819414 0.0610872955091589 0.0476929076714274 1
"193" 0.203059193409647 0.0266127179963306 0.770328088594023 3
"194" 0.209050147281232 0.764582635148339 0.0263672175704292 2
"195" 0.164345002501636 0.715690107267132 0.119964890231231 2
"196" 0.65280162793012 0.246145841588585 0.101052530481294 1
"197" 0.795395151501512 0.0784331214922885 0.126171727006199 1
"198" 0.0717885707923513 0.040134378956048 0.888077050251601 3
"199" 0.247684120193898 0.0206669252951284 0.731648954510974 3
"200" 0.0517723908895015 0.93743120368671 0.0107964054237887 2
"201" 0.0128817414292778 0.979804750564437 0.00731350800628519 2
"202" 0.505342425745582 0.211592319064038 0.28306525519038 1
"203" 0.837129952837238 0.121079799261589 0.0417902479011729 1
"204" 0.211695766111483 0.0291322380759642 0.759171995812553 3
"205" 0.0221140175378615 0.962593876692762 0.0152921057693761 2
"206" 0.0162709572533151 0.959486915274386 0.0242421274722994 2
"207" 0.597945796671078 0.164759940261135 0.237294263067786 1
"208" 0.0510626791136162 0.0231052609901924 0.925832059896191 3
"209" 0.109644191231397 0.841715667119338 0.0486401416492657 2
"210" 0.142435145153889 0.726539488685103 0.131025366161008 2
"211" 0.0598253208173834 0.916431075056533 0.0237436041260831 2
"212" 0.62991564901094 0.302360445997318 0.0677239049917427 1
"213" 0.707410819790712 0.199081166385669 0.0935080138236197 1
"214" 0.0605197675816949 0.111062617748981 0.828417614669324 3
"215" 0.318525683395647 0.638120786597349 0.0433535300070044 2
"216" 0.264879509135949 0.717881088447828 0.0172394024162223 2
"217" 0.018936058463679 0.965075397051389 0.015988544484932 2
"218" 0.84791477258954 0.0714048367451728 0.0806803906652874 1
"219" 0.116976457314559 0.0228633290214376 0.860160213664004 3
"220" 0.307320957145094 0.650737772750007 0.0419412701048992 2
"221" 0.0262485341894684 0.960820948303559 0.0129305175069726 2
"222" 0.562261815382994 0.294190890075541 0.143547294541465 1
"223" 0.764686473956084 0.112915118097389 0.122398407946527 1
"224" 0.268535412482395 0.030620220516645 0.70084436700096 3
"225" 0.251821599197788 0.0158871055142824 0.73229129528793 3
"226" 0.0521394194469984 0.937547349624962 0.0103132309280391 2
"227" 0.290334180689685 0.663928305395428 0.0457375139148874 2
"228" 0.844497036452684 0.120451074101079 0.0350518894462374 1
"229" 0.696346557044829 0.184610302963087 0.119043139992084 1
"230" 0.233058665589506 0.0426827675835874 0.724258566826907 3
"231" 0.200319520017945 0.65880134190299 0.140879138079065 2
"232" 0.0208113654549986 0.962210758155739 0.0169778763892626 2
"233" 0.794374892935103 0.0517189639810443 0.153906143083852 1
"234" 0.685309292419783 0.274436002185696 0.0402547053945208 1
"235" 0.0503324046270921 0.101619804125758 0.84804779124715 3
"236" 0.0196269722802242 0.973025516360129 0.00734751135964708 2
"237" 0.28726665798676 0.689265071273735 0.0234682707395056 2
"238" 0.0181285933760452 0.966654097906281 0.0152173087176741 2
"239" 0.646739150586764 0.173915103717756 0.17934574569548 1
"240" 0.793868961380643 0.142556952384718 0.0635740862346388 1
"241" 0.0223578403515266 0.0367264275164508 0.940915732132023 3
"242" 0.0586402407195897 0.918981617153737 0.0223781421266731 2
"243" 0.165417626042938 0.810078813283988 0.0245035606730745 2
"244" 0.222846814041695 0.767768501274403 0.00938468468390218 2
"245" 0.549824195594635 0.342229996849684 0.107945807555681 1
"246" 0.647146573325099 0.26633556048169 0.0865178661932112 1
"247" 0.408232596798149 0.0783115812291023 0.513455821972749 3
"248" 0.0362186121249701 0.0300093998715113 0.933771988003518 3
"249" 0.226456922403198 0.710640678301538 0.0629023992952632 2
"250" 0.0154237948924082 0.964369406528244 0.020206798579348 2
"251" 0.837569534411487 0.0969133274288192 0.0655171381596941 1
"252" 0.566253321622824 0.263693488531366 0.17005318984581 1
"253" 0.020850480263251 0.142424522518051 0.836724997218698 3
"254" 0.468192516212202 0.0530517830177708 0.478755700770027 3
"255" 0.213928203260283 0.771490927694821 0.0145808690448959 2
"256" 0.0251244402777207 0.967525961292049 0.00734959843023016 2
"257" 0.868521476706529 0.0521251152448811 0.0793534080485898 1
"258" 0.674923678832098 0.269701102012279 0.0553752191556236 1
"259" 0.172069786181424 0.0166145316757769 0.811315682142799 3
"260" 0.166289563075752 0.0241403591123152 0.809570077811933 3
"261" 0.289392816050671 0.700687626511191 0.00991955743813718 2
"262" 0.0748874713403187 0.916859323556228 0.00825320510345298 2
"263" 0.66935666570887 0.168043655006876 0.162599679284254 1
"264" 0.83016586747829 0.126745741826345 0.0430883906953649 1
"265" 0.112688295870147 0.0275071961948298 0.859804507935023 3
"266" 0.216738918821503 0.622396054005862 0.160865027172636 2
"267" 0.112058679033511 0.847195489466653 0.0407458314998363 2
"268" 0.0738045294119431 0.901062218540247 0.0251332520478102 2
"269" 0.709298762895906 0.0939914823246741 0.19670975477942 1
"270" 0.0512111873103399 0.0311819680502914 0.917606844639369 3
"271" 0.268314572684322 0.683750686473484 0.0479347408421934 2
"272" 0.0321370708027547 0.948799513507324 0.019063415689921 2
"273" 0.0354345228079343 0.951265899660309 0.0132995775317569 2
