"V1" "V2" "V3" "V4"
"1" 0.808049093634693 0.0786565687579031 0.113294337607404 1
"2" 0.943988988873355 0.034814261669839 0.0211967494568057 1
"3" 0.447071994440864 0.0482929381246949 0.504635067434441 3
"4" 0.0186536056972142 0.973801664283886 0.00754473001889999 2
"5" 0.0162238301104688 0.972362468496244 0.0114137013932874 2
"6" 0.485187039443777 0.0346582992121101 0.480154661344112 1
"7" 0.867332412874713 0.0577286442332491 0.0749389428920385 1
"8" 0.144228956431122 0.029100522574391 0.826670520994487 3
"9" 0.333332321678812 0.0153559192403614 0.651311759080826 3
"10" 0.0255172873042032 0.967436528554566 0.00704618414123114 2
"11" 0.154166415494238 0.815169159097285 0.0306644254084776 2
"12" 0.686446927885147 0.0997942201560592 0.213758851958794 1
"13" 0.00761965416845984 0.102361976975172 0.890018368856368 3
"14" 0.0982103920742881 0.0270401464425435 0.874749461483168 3
"15" 0.0732588465073431 0.863554374114408 0.063186779378249 2
"16" 0.00724452871205112 0.984615555386494 0.00813991590145488 2
"17" 0.753998020585848 0.107700443667251 0.138301535746902 1
"18" 0.845644397183129 0.108325910920196 0.046029691896675 1
"19" 0.115030707775724 0.0165019512465962 0.86846734097768 3
"20" 0.0783313250183651 0.900554972827019 0.0211137021546154 2
"21" 0.0297869289148034 0.960511677242428 0.0097013938427682 2
"22" 0.179133035860268 0.737934646115715 0.0829323180240169 2
"23" 0.655573690675307 0.216115070515941 0.128311238808751 1
"24" 0.587523107771703 0.258257757602401 0.154219134625896 1
"25" 0.106469851433534 0.0149985773892173 0.878531571177248 3
"26" 0.00253311956886703 0.991309440135757 0.00615744029537572 2
"27" 0.0192151981094442 0.975594535933298 0.00519026595725746 2
"28" 0.00794193000305417 0.98728523348123 0.00477283651571578 2
"29" 0.833706458178772 0.0439674008412184 0.122326140980009 1
"30" 0.942000828405039 0.0339386864404239 0.0240604851545371 1
"31" 0.349725176604083 0.0437018038639525 0.606573019531965 3
"32" 0.0529455308993936 0.0643404828808275 0.882713986219779 3
"33" 0.00641520684526771 0.989454440532479 0.00413035262225327 2
"34" 0.0149279057363516 0.97672855952784 0.00834353473580803 2
"35" 0.783919413812824 0.136166526809302 0.0799140593778735 1
"36" 0.830645982012737 0.073773154277856 0.095580863709407 1
"37" 0.190355841755198 0.0261454052430672 0.783498753001735 3
"38" 0.135883389308424 0.0249413179373932 0.839175292754183 3
"39" 0.182871179498058 0.738692797652441 0.0784360228495012 2
"40" 0.0132543526242466 0.973151316097328 0.0135943312784256 2
"41" 0.466849999205656 0.249816410711132 0.283333590083212 1
"42" 0.319426457833866 0.0424624004567896 0.638111141709344 3
"43" 0.19033341376566 0.0164320683671189 0.793234517867221 3
"44" 0.0111945610705293 0.978062234843211 0.0107432040862596 2
"45" 0.016686864961781 0.973900763577416 0.00941237146080271 2
"46" 0.723656725097491 0.181083367641908 0.0952599072606011 1
"47" 0.912048137820743 0.0720595232364483 0.0158923389428087 1
"48" 0.185125938158813 0.020214498835188 0.794659563005999 3
"49" 0.0267456752148993 0.967458531063344 0.00579579372175643 2
"50" 0.0037762930106605 0.989376549899301 0.00684715709003807 2
"51" 0.0784393020608604 0.904048435399973 0.0175122625391662 2
"52" 0.907282620523549 0.0459688974061968 0.0467484820702539 1
"53" 0.853152108515936 0.0666650699037195 0.0801828215803442 1
"54" 0.095183783835896 0.0214427615077189 0.883373454656385 3
"55" 0.170851604202903 0.790605961094161 0.0385424347029365 2
"56" 0.0273103440860237 0.964334855106471 0.00835480080750516 2
"57" 0.188415579345591 0.738139192540801 0.0734452281136082 2
"58" 0.674990349357712 0.123168708812838 0.20184094182945 1
"59" 0.0417228534693889 0.0926508848391169 0.865626261691494 3
"60" 0.0103262429406565 0.207910707865138 0.781763049194205 3
"61" 0.0747614964088059 0.908696339236656 0.0165421643545379 2
"62" 0.0343137070707536 0.959068420372542 0.00661787255670417 2
"63" 0.912472966360445 0.0502024539133465 0.0373245797262083 1
"64" 0.740811268166558 0.176795537603189 0.0823931942302528 1
"65" 0.365050414924129 0.0606117333008446 0.574337851775026 3
"66" 0.291780538537489 0.0271072964287749 0.681112165033736 3
"67" 0.0232720416182316 0.968732563454873 0.00799539492689578 2
"68" 0.0274255987446965 0.960067497433515 0.0125069038217879 2
"69" 0.907631747745501 0.075576404020679 0.0167918482338199 1
"70" 0.87608611077499 0.068358642799452 0.0555552464255577 1
"71" 0.115957227457623 0.0250712248494728 0.858971547692904 3
"72" 0.314096194767892 0.0233836809801337 0.662520124251974 3
"73" 0.00439806696675575 0.987847154752277 0.00775477828096759 2
"74" 0.00887609969921978 0.97729795436572 0.0138259459350602 2
"75" 0.904694803031906 0.0540028828468343 0.0413023141212596 1
"76" 0.815952171436513 0.0871977011525867 0.0968501274109004 1
"77" 0.257448878830174 0.048582040778372 0.693969080391454 3
"78" 0.00993317713342958 0.984210527757007 0.00585629510956381 2
"79" 0.0187191207101926 0.971211936028562 0.0100689432612455 2
"80" 0.14464999678148 0.826563516126935 0.0287864870915851 2
"81" 0.799025794393532 0.140793983697458 0.0601802219090095 1
"82" 0.0835910637479711 0.016016667384347 0.900392268867682 3
"83" 0.278890698422019 0.601160029828015 0.119949271749966 2
"84" 0.0147348137336986 0.969273982564274 0.0159912037020278 2
"85" 0.289333860170989 0.629801107032031 0.0808650327969797 2
"86" 0.875597077842121 0.0712879423674405 0.0531149797904388 1
"87" 0.788312646925677 0.127393922801235 0.0842934302730875 1
"88" 0.325475268052224 0.0492724306465482 0.625252301301227 3
"89" 0.100860407763292 0.0141788075610696 0.884960784675639 3
"90" 0.0120038798206191 0.97555250883559 0.0124436113437908 2
"91" 0.0420707483220768 0.945232807248303 0.0126964444296205 2
"92" 0.489864766883693 0.250127155745009 0.260008077371298 1
"93" 0.914324077501918 0.0665946156822577 0.0190813068158244 1
"94" 0.230762663451988 0.0316314032358286 0.737605933312184 3
"95" 0.430261348407288 0.0434985621757528 0.526240089416959 3
"96" 0.0054630264225681 0.988147511666799 0.00638946191063298 2
"97" 0.149207062775338 0.82524455465697 0.0255483825676911 2
"98" 0.644398897008986 0.129701426248878 0.225899676742136 1
"99" 0.245793698766735 0.0170263376502734 0.737179963582992 3
"100" 0.0334017084985489 0.016474081027291 0.95012421047416 3
"101" 0.141069554313161 0.800161785634725 0.0587686600521138 2
"102" 0.0473202575261497 0.947956345880954 0.00472339659289616 2
"103" 0.856040694358897 0.0522206325234619 0.0917386731176408 1
"104" 0.7134298592453 0.171289257462083 0.115280883292617 1
"105" 0.0613709160450598 0.05126691890828 0.88736216504666 3
"106" 0.0146792888625528 0.967529328641447 0.017791382496 2
"107" 0.152080443556009 0.751058836585107 0.096860719858884 2
"108" 0.090550757967444 0.885356228329583 0.0240930137029729 2
"109" 0.946427134983639 0.0320268856587229 0.0215459793576387 1
"110" 0.839719582373326 0.0399108997389261 0.120369517887747 1
"111" 0.174405892338539 0.0374649037105314 0.78812920395093 3
"112" 0.0222180141022403 0.97091076107534 0.00687122482241962 2
"113" 0.00864519137590508 0.986684965332556 0.00466984329153921 2
"114" 0.0183218160674536 0.974228115460225 0.00745006847232093 2
"115" 0.882321328808039 0.0599591785611338 0.0577194926308273 1
"116" 0.8134810772795 0.0733354732531563 0.113183449467344 1
"117" 0.121906535845309 0.113408916717789 0.764684547436901 3
"118" 0.401046489187152 0.024720519040909 0.574232991771939 3
"119" 0.00802347402585511 0.986096152416189 0.00588037355795614 2
"120" 0.132517629738407 0.833490872966136 0.0339914972954577 2
"121" 0.84869009468556 0.0880372888004712 0.0632726165139687 1
"122" 0.875254355265572 0.104725106769759 0.0200205379646687 1
"123" 0.250306959019869 0.03620294345134 0.713490097528791 3
"124" 0.151007622126589 0.0138605775105094 0.835131800362901 3
"125" 0.022794304795621 0.962348303231763 0.0148573919726161 2
"126" 0.0775088070332219 0.906733367328119 0.0157578256386586 2
"127" 0.693456083324184 0.219898046889082 0.0866458697867333 1
"128" 0.860784102857183 0.0901744406274678 0.0490414565153489 1
"129" 0.478056247116168 0.0265652597542711 0.495378493129561 3
"130" 0.27259378345388 0.0256681866767426 0.701738029869377 3
"131" 0.365036594504319 0.558499148301118 0.0764642571945629 2
"132" 0.339421919464035 0.60987804862553 0.0507000319104353 2
"133" 0.683672105846093 0.0950387704536623 0.221289123700245 1
"134" 0.373058915717771 0.0325689007098495 0.594372183572379 3
"135" 0.02197582225985 0.97016973214546 0.00785444559469032 2
"136" 0.0360509968948073 0.957112708913416 0.00683629419177638 2
"137" 0.032977512030652 0.961878008421065 0.00514447954828341 2
"138" 0.716808071607674 0.173125107465066 0.11006682092726 1
"139" 0.0694566424914287 0.0133438056424951 0.917199551866076 3
"140" 0.0199470869384356 0.97231497728797 0.00773793577359399 2
"141" 0.0106486207724944 0.977558504139366 0.0117928750881393 2
"142" 0.00463917412421167 0.988349472449582 0.00701135342620672 2
"143" 0.935534491453986 0.0426317943727606 0.021833714173253 1
"144" 0.832352636735203 0.0523721601834838 0.115275203081313 1
"145" 0.20071892201901 0.0367041347233402 0.76257694325765 3
"146" 0.128224682555122 0.0289112306995874 0.84286408674529 3
"147" 0.106807070697198 0.875457836789296 0.0177350925135056 2
"148" 0.204330223535897 0.715075308010606 0.0805944684534976 2
"149" 0.804587153968251 0.134635996236973 0.0607768497947761 1
"150" 0.880087062949419 0.0620747346471724 0.057838202403409 1
"151" 0.111283654119853 0.0195745832962746 0.869141762583872 3
"152" 0.14181093703375 0.0355173267519896 0.82267173621426 3
"153" 0.153984122306097 0.819007179232637 0.0270086984612653 2
"154" 0.00943383538462197 0.977153893703515 0.0134122709118634 2
"155" 0.401740525402181 0.30789466751708 0.290364807080739 1
"156" 0.268097079715774 0.0372768664453395 0.694626053838886 3
"157" 0.00928799632617827 0.0743993732571666 0.916312630416655 3
"158" 0.0087923273842431 0.986727371931403 0.00448030068435412 2
"159" 0.0168355792980612 0.974878268173677 0.00828615252826175 2
"160" 0.834731169809887 0.118643830901885 0.0466249992882284 1
"161" 0.698950557803601 0.143143339059906 0.157906103136493 1
"162" 0.353282811562673 0.0139318562184828 0.632785332218844 3
"163" 0.0367334333935737 0.955562982411614 0.00770358419481201 2
"164" 0.023744728431706 0.969303923250721 0.00695134831757353 2
"165" 0.0200527097574257 0.967162915469251 0.012784374773323 2
"166" 0.83740645456221 0.0754783453467966 0.0871152000909932 1
"167" 0.787059027599392 0.157345290244984 0.0555956821556233 1
"168" 0.274304911147668 0.0495426349259183 0.676152453926413 3
"169" 0.17045381570054 0.773349270548531 0.056196913750929 2
"170" 0.00385801298717166 0.989454219399164 0.00668776761366409 2
"171" 0.0273793146740287 0.965668329102292 0.00695235622367885 2
"172" 0.932756137218645 0.0403866815747818 0.0268571812065728 1
"173" 0.078087583290741 0.0239346760508287 0.89797774065843 3
"174" 0.225328052248851 0.0188683593795171 0.755803588371632 3
"175" 0.228015730922193 0.734250017309972 0.0377342517678353 2
"176" 0.121045279521829 0.848898412759486 0.0300563077186854 2
"177" 0.689403780240411 0.185153351050327 0.125442868709261 1
"178" 0.812192781915356 0.0895458069386383 0.0982614111460061 1
"179" 0.164699774198752 0.0198563999661692 0.815443825835079 3
"180" 0.22215346999821 0.0256176148165154 0.752228915185274 3
"181" 0.00980692946003926 0.985675641444447 0.0045174290955135 2
"182" 0.030312788988654 0.960791093479266 0.00889611753207969 2
"183" 0.907335243295827 0.0746510147814194 0.0180137419227532 1
"184" 0.810974978651606 0.0854120632919617 0.103612958056432 1
"185" 0.06512974608655 0.0712861575766293 0.863584096336821 3
"186" 0.190280738572731 0.0265305005299556 0.783188760897313 3
"187" 0.00532208442557078 0.988179530120913 0.00649838545351575 2
"188" 0.0161073017101371 0.976946555416245 0.00694614287361842 2
"189" 0.846026369109455 0.0490525007606612 0.104921130129884 1
"190" 0.900553708247873 0.053708276354372 0.0457380153977549 1
"191" 0.242174810977844 0.0439045211329216 0.713920667889234 3
"192" 0.1788121857634 0.740649534128017 0.080538280108583 2
"193" 0.0247058007719608 0.964849410963911 0.0104447882641285 2
"194" 0.0150381895834538 0.972322635381975 0.0126391750345707 2
"195" 0.484121005128547 0.203374522102144 0.312504472769309 1
"196" 0.854099913768166 0.106938720531609 0.0389613657002257 1
"197" 0.374497576710756 0.042122337821433 0.583380085467811 3
"198" 0.00911210821254946 0.979447616462911 0.0114402753245398 2
"199" 0.0936349039602841 0.826170582694769 0.0801945133449466 2
"200" 0.0335248381742762 0.959247800109311 0.0072273617164127 2
"201" 0.83606064497706 0.0632680859088967 0.100671269114043 1
"202" 0.922833441873511 0.046028512191915 0.0311380459345742 1
"203" 0.361514615190297 0.0451074987583843 0.593377886051319 3
"204" 0.248664330040271 0.0277175421392888 0.72361812782044 3
"205" 0.0233189032334069 0.96451441487594 0.0121666818906528 2
"206" 0.164313768157184 0.753492666203224 0.0821935656395917 2
"207" 0.707496869646493 0.18924902248678 0.103254107866727 1
"208" 0.890588225349069 0.0363985567667084 0.0730132178842228 1
"209" 0.208278994759361 0.0147845341771487 0.77693647106349 3
"210" 0.440499748069281 0.013350052476631 0.546150199454088 3
"211" 0.00677933402095215 0.98807294249215 0.00514772348689726 2
"212" 0.00291610209327571 0.990306066287561 0.00677783161916324 2
"213" 0.387566663755532 0.267688105466967 0.3447452307775 1
"214" 0.938936861506725 0.0391606585543308 0.0219024799389443 1
"215" 0.248653620286396 0.0255382904395225 0.725808089274082 3
"216" 0.389181163968663 0.0368858912867842 0.573932944744552 3
"217" 0.0189402743947363 0.971725523748948 0.00933420185631556 2
"218" 0.0281137931101971 0.961199241473659 0.0106869654161444 2
"219" 0.625016646668585 0.11320819300519 0.261775160326225 1
"220" 0.0768789317713859 0.020759712930799 0.902361355297815 3
"221" 0.0775596259283552 0.894447999546581 0.0279923745250635 2
"222" 0.16254857515459 0.773733319111284 0.0637181057341262 2
"223" 0.0119686504694313 0.980322937550491 0.00770841198007736 2
"224" 0.773285869791324 0.149304847845017 0.0774092823636594 1
"225" 0.887265146842925 0.0836423715500444 0.0290924816070303 1
"226" 0.0531223597451032 0.0664618109859197 0.880415829268977 3
"227" 0.195277824032605 0.77668771274729 0.0280344632201051 2
"228" 0.0526495915052586 0.940197223088104 0.00715318540663748 2
"229" 0.0181462283478833 0.966257959971873 0.0155958116802435 2
"230" 0.760691687351225 0.0852648123711759 0.154043500277599 1
"231" 0.324988568700076 0.0392885086221166 0.635722922677807 3
"232" 0.114492408412499 0.0216951951955761 0.863812396391924 3
"233" 0.162478690278388 0.805407496196191 0.0321138135254206 2
"234" 0.0236839496634791 0.967782607207335 0.00853344312918613 2
"235" 0.555189044268149 0.262997519033619 0.181813436698232 1
"236" 0.756167759099475 0.121408726437361 0.122423514463163 1
"237" 0.382824994999781 0.022778169945751 0.594396835054468 3
"238" 0.0096722852365576 0.985535582101138 0.00479213266230467 2
"239" 0.162767747945485 0.788847482260234 0.0483847697942806 2
"240" 0.926415339213997 0.0455895875643813 0.0279950732216219 1
"241" 0.81195079967373 0.083606263662092 0.104442936664178 1
"242" 0.260763397128431 0.0312603920703877 0.707976210801182 3
"243" 0.401502492252893 0.0439180437642631 0.554579463982843 3
"244" 0.168775332894202 0.753132986024152 0.0780916810816464 2
"245" 0.012092776880389 0.974456928751342 0.013450294368269 2
"246" 0.838661407080387 0.0414718539920793 0.119866738927533 1
"247" 0.833641941143459 0.116363020838249 0.0499950380182917 1
"248" 0.0475528950774317 0.0690383046750095 0.883408800247559 3
"249" 0.00624247788329249 0.987332179010172 0.00642534310653507 2
"250" 0.0307748447684895 0.960911894731647 0.00831326049986326 2
"251" 0.0409891641666862 0.95020587781141 0.00880495802190338 2
"252" 0.467970000616407 0.267584535563754 0.264445463819839 1
"253" 0.916473437127505 0.0617483632970366 0.0217781995754582 1
"254" 0.0598337768889996 0.0222596012648664 0.917906621846134 3
"255" 0.0122397133098868 0.97780401894773 0.0099562677423836 2
"256" 0.0808140258542906 0.904377836861716 0.0148081372839935 2
"257" 0.0418087767102174 0.953728455908408 0.00446276738137497 2
"258" 0.768961693923323 0.164288578753719 0.0667497273229586 1
"259" 0.902647840224533 0.0774414889863421 0.0199106707891249 1
"260" 0.289256351613983 0.0630073891143055 0.647736259271712 3
"261" 0.106617530328427 0.0164203655131002 0.876962104158472 3
"262" 0.146760643760537 0.786406109877481 0.0668332463619829 2
"263" 0.0183892458224863 0.967766437332981 0.0138443168445328 2
"264" 0.906895860277299 0.0549378567351178 0.0381662829875834 1
"265" 0.411606776753125 0.35715572495145 0.231237498295425 1
"266" 0.0100062473055129 0.111951907954732 0.878041844739756 3
"267" 0.257674659004523 0.0575399191913891 0.684785421804088 3
"268" 0.0170333354871099 0.974599322422788 0.00836734209010183 2
"269" 0.00594881930578521 0.987398769244238 0.00665241144997687 2
"270" 0.855779986535602 0.0629972850634805 0.0812227284009178 1
"271" 0.849902851229999 0.0960750599159811 0.0540220888540202 1
"272" 0.289789063970132 0.0166067682570878 0.693604167772781 3
"273" 0.162479553457063 0.0267113295812359 0.810809116961701 3
"274" 0.0326515608365394 0.9634164097881 0.00393202937536108 2
"275" 0.00789340616543602 0.988547385787322 0.00355920804724161 2
"276" 0.832703244459413 0.0699163654029726 0.0973803901376143 1
"277" 0.934045453839823 0.043548522458774 0.0224060237014028 1
"278" 0.149678853717752 0.0279856404034467 0.822335505878801 3
"279" 0.183201210326659 0.723320925293952 0.0934778643793882 2
"280" 0.0910796540684794 0.886525212979436 0.0223951329520846 2
"281" 0.0127420467997195 0.974699026441383 0.0125589267588977 2
"282" 0.751073955960663 0.0568336535225843 0.192092390516753 1
"283" 0.0574589229591886 0.0232888796174385 0.919252197423373 3
"284" 0.162466172554339 0.807375255316778 0.0301585721288832 2
"285" 0.0488673584511591 0.944587239079646 0.00654540246919449 2
"286" 0.0328818944787067 0.958939699019284 0.00817840650200877 2
