"V1" "V2" "V3" "V4"
"1" 0.819779371252995 0.0697201521526868 0.110500476594319 1
"2" 0.942750953557677 0.0370324372329164 0.0202166092094069 1
"3" 0.475365510055654 0.0473566343070927 0.477277855637253 3
"4" 0.0213624070118548 0.97294185856565 0.00569573442249532 2
"5" 0.0150478810186087 0.972683099973113 0.012269019008278 2
"6" 0.491606365279792 0.0387876302811523 0.469606004439055 1
"7" 0.877659679822966 0.0521771419713813 0.0701631782056528 1
"8" 0.146552816711115 0.0308984116527359 0.822548771636149 3
"9" 0.314136597983535 0.0159545295983002 0.669908872418165 3
"10" 0.0204629218966452 0.971916085925559 0.00762099217779612 2
"11" 0.179154680253699 0.792113076516406 0.0287322432298949 2
"12" 0.675227412122973 0.106223888576027 0.218548699301 1
"13" 0.339242903955378 0.32955065407055 0.331206441974072 1
"14" 0.00749046064462055 0.120815017171278 0.871694522184102 3
"15" 0.104268771791569 0.0292101621471427 0.866521066061288 3
"16" 0.0973791026753173 0.838481510764215 0.0641393865604674 2
"17" 0.0100410870338788 0.981690026548551 0.0082688864175701 2
"18" 0.743543358334331 0.103354055980842 0.153102585684827 1
"19" 0.836853458716908 0.116635824568882 0.0465107167142098 1
"20" 0.127799900308542 0.0161569040349361 0.856043195656522 3
"21" 0.0800043118027024 0.895683228488732 0.0243124597085655 2
"22" 0.03200105002995 0.953889530662671 0.0141094193073792 2
"23" 0.167955720593056 0.743893287326572 0.0881509920803726 2
"24" 0.639016429433492 0.240255986241665 0.120727584324843 1
"25" 0.561545528805206 0.289119734171916 0.149334737022878 1
"26" 0.0799186506969462 0.0155742467227308 0.904507102580323 3
"27" 0.00263105662706637 0.989034250454386 0.00833469291854797 2
"28" 0.0206462252743722 0.973675998546848 0.00567777617878004 2
"29" 0.00936226889372382 0.98582989513772 0.00480783596855615 2
"30" 0.821575927270693 0.0456483402122232 0.132775732517084 1
"31" 0.941231336404029 0.0359171907973642 0.022851472798607 1
"32" 0.368084759310466 0.0462101774948796 0.585705063194654 3
"33" 0.0438253193852374 0.0769658143574217 0.879208866257341 3
"34" 0.00725309640709857 0.988395378296057 0.00435152529684397 2
"35" 0.0137014844636624 0.976980300780674 0.00931821475566381 2
"36" 0.766228839223925 0.15738761886102 0.0763835419150558 1
"37" 0.82320427100519 0.0714467281358786 0.105349000858932 1
"38" 0.176875558214208 0.029734594743486 0.793389847042306 3
"39" 0.100598450532402 0.0258511469814754 0.873550402486122 3
"40" 0.174017130418569 0.742102954233758 0.0838799153476727 2
"41" 0.0128753110734991 0.968680095316549 0.0184445936099515 2
"42" 0.489711178271609 0.243302074982103 0.266986746746288 1
"43" 0.358662614975289 0.0427022879552112 0.5986350970695 3
"44" 0.173825051654266 0.0167854963748042 0.809389451970929 3
"45" 0.016602600941488 0.973553700519194 0.009843698539318 2
"46" 0.0198942782505707 0.972970671347913 0.007135050401516 2
"47" 0.701771279452438 0.20132680251343 0.0969019180341323 1
"48" 0.90297098397441 0.0815053751207897 0.0155236409047998 1
"49" 0.196547963743822 0.0221151430005685 0.78133689325561 3
"50" 0.0279047112081381 0.965704426617536 0.00639086217432551 2
"51" 0.00424669293680863 0.986037559030576 0.00971574803261539 2
"52" 0.0714594393847139 0.90890503625042 0.0196355243648665 2
"53" 0.912028822335365 0.0429936712261807 0.0449775064384547 1
"54" 0.855388316925607 0.0604910081009454 0.084120674973448 1
"55" 0.098162165480165 0.0227333186612008 0.879104515858634 3
"56" 0.229999641202786 0.73299097963504 0.0370093791621739 2
"57" 0.0272919777578813 0.960492838083891 0.0122151841582273 2
"58" 0.258877275552721 0.664502310798791 0.0766204136484879 2
"59" 0.661256407295221 0.12997442689204 0.20876916581274 1
"60" 0.0305876456665091 0.0976921974489026 0.871720156884588 3
"61" 0.00801186372311326 0.238479168711911 0.753508967564975 3
"62" 0.0757906538234313 0.906259568037675 0.0179497781388932 2
"63" 0.0381427115440271 0.954965906839867 0.00689138161610609 2
"64" 0.908156347006395 0.054180553032012 0.0376630999615927 1
"65" 0.711645859278279 0.203662193824572 0.0846919468971484 1
"66" 0.386210673116387 0.0667873000018876 0.547002026881725 3
"67" 0.310876158328667 0.0296034628012248 0.659520378870108 3
"68" 0.0261448205461424 0.968362199080706 0.00549298037315128 2
"69" 0.0280704190598544 0.954046213536424 0.0178833674037217 2
"70" 0.900330102727519 0.0836433792894024 0.0160265179830785 1
"71" 0.883999568525804 0.0601251714431102 0.0558752600310862 1
"72" 0.118129535631331 0.026914811937575 0.854955652431094 3
"73" 0.289210531197259 0.0228733799847175 0.687916088818024 3
"74" 0.00522168869851396 0.984108937523482 0.0106693737780044 2
"75" 0.0121263220739628 0.973554917370004 0.0143187605560329 2
"76" 0.908505555729581 0.0491064633996589 0.0423879808707603 1
"77" 0.823326857562478 0.075247446424659 0.101425696012863 1
"78" 0.309471179157253 0.0513885658331059 0.639140255009641 3
"79" 0.0123524839366187 0.981884847904819 0.00576266815856205 2
"80" 0.0149328277185191 0.973869989374788 0.0111971829066934 2
"81" 0.180929170564259 0.791152106086812 0.0279187233489296 2
"82" 0.786190320124397 0.156636664212886 0.0571730156627165 1
"83" 0.0831818807649278 0.018149313634956 0.898668805600116 3
"84" 0.236988493261694 0.622371723821688 0.140639782916618 2
"85" 0.013056106656385 0.967571422587235 0.0193724707563803 2
"86" 0.309808624733199 0.607125931666684 0.083065443600117 2
"87" 0.88149551079688 0.0696459013825529 0.0488585878205672 1
"88" 0.773810308735585 0.143260785910425 0.0829289053539903 1
"89" 0.341070331377668 0.0536856173570061 0.605244051265326 3
"90" 0.0764185469759388 0.014293425732972 0.909288027291089 3
"91" 0.0170445232232819 0.970001883917578 0.0129535928591403 2
"92" 0.0441513530310409 0.936104857249912 0.0197437897190473 2
"93" 0.527134162922284 0.239270936205338 0.233594900872378 1
"94" 0.912351144760679 0.0708846654255641 0.0167641898137566 1
"95" 0.225257926957275 0.0336159501803292 0.741126122862396 3
"96" 0.476132536854733 0.046806418586625 0.477061044558642 3
"97" 0.00576556071735172 0.985151502715767 0.00908293656688092 2
"98" 0.180810219774104 0.79437019422537 0.024819586000526 2
"99" 0.661330933171524 0.10967943793298 0.228989628895496 1
"100" 0.236335937600949 0.0177337975722086 0.745930264826842 3
"101" 0.0405232645469895 0.0196010258044147 0.939875709648596 3
"102" 0.158629479368411 0.772294923236486 0.0690755973951026 2
"103" 0.0513035402988538 0.943942053289483 0.00475440641166302 2
"104" 0.852598920851328 0.0501292683378355 0.0972718108108368 1
"105" 0.700604040199004 0.181853714338403 0.117542245462592 1
"106" 0.0605572511273023 0.0618899604847116 0.877552788387986 3
"107" 0.0139141229865513 0.963167428527594 0.0229184484858543 2
"108" 0.131022636648593 0.763672477515177 0.10530488583623 2
"109" 0.0899292414242604 0.881540601433504 0.0285301571422354 2
"110" 0.948674230929047 0.0324732296843585 0.0188525393865946 1
"111" 0.828118135544041 0.041379349925638 0.130502514530321 1
"112" 0.179109037011013 0.039466878112742 0.781424084876245 3
"113" 0.0288258227078877 0.966238667903076 0.00493550938903581 2
"114" 0.0107731943074029 0.984729987144236 0.00449681854836136 2
"115" 0.0160205084154828 0.97565540669178 0.00832408489273749 2
"116" 0.884134479723736 0.054729511596793 0.0611360086794706 1
"117" 0.812294881914015 0.0641514737836488 0.123553644302336 1
"118" 0.118255368870139 0.13198552570373 0.749759105426131 3
"119" 0.360419083760443 0.0261410767208565 0.613439839518701 3
"120" 0.0106458637971579 0.983751302140719 0.00560283406212295 2
"121" 0.175583273001291 0.793608787611833 0.030807939386876 2
"122" 0.852170039092197 0.0862875189659486 0.0615424419418541 1
"123" 0.865388556504778 0.115168367155835 0.0194430763393862 1
"124" 0.25393212380171 0.0383489660001023 0.707718910198188 3
"125" 0.115559375217728 0.0141860209190257 0.870254603863246 3
"126" 0.0189537408483975 0.961413080311699 0.0196331788399032 2
"127" 0.0798075521708668 0.903101974883515 0.0170904729456187 2
"128" 0.677059350483973 0.243493798802999 0.079446850713028 1
"129" 0.86056860745024 0.0949295459861845 0.0445018465635753 1
"130" 0.274481786000661 0.0261256791059126 0.699392534893427 3
"131" 0.348129674259518 0.572340052822092 0.0795302729183903 2
"132" 0.382786513354947 0.570973933389405 0.0462395532556477 2
"133" 0.673240012458108 0.096442126745611 0.230317860796281 1
"134" 0.397442912750403 0.0358536782877231 0.566703408961874 3
"135" 0.0267551208844049 0.967514490243705 0.00573038887189024 2
"136" 0.0358138936836632 0.953979596425748 0.0102065098905888 2
"137" 0.0387439579481687 0.956237065690734 0.00501897636109739 2
"138" 0.695995856616484 0.195524871837866 0.108479271545649 1
"139" 0.0799121143342731 0.0158762624562941 0.904211623209433 3
"140" 0.01895960044243 0.972054157370084 0.0089862421874857 2
"141" 0.0155411462870066 0.972543704416808 0.0119151492961859 2
"142" 0.00530178252281817 0.984729027581754 0.00996918989542785 2
"143" 0.935505257310213 0.0442437077424789 0.0202510349473079 1
"144" 0.817137278828887 0.0527805793270208 0.130082141844092 1
"145" 0.204217682296873 0.0404768383736698 0.755305479329457 3
"146" 0.13641672990428 0.0315107915434265 0.832072478552294 3
"147" 0.111843678011066 0.867489766119513 0.0206665558694208 2
"148" 0.175924453621662 0.731500397291909 0.0925751490864292 2
"149" 0.79383297464 0.14668654263236 0.0594804827276399 1
"150" 0.888170244900322 0.0561820336092383 0.0556477214904402 1
"151" 0.0825064110915769 0.0211549214893401 0.896338667419083 3
"152" 0.150671360213081 0.0391128218270428 0.810215817959876 3
"153" 0.185921536382505 0.78704191557358 0.0270365480439155 2
"154" 0.0131761052905195 0.973296511892111 0.0135273828173696 2
"155" 0.419244443120389 0.308377065028867 0.272378491850745 1
"156" 0.28686946737079 0.0415105763647996 0.671619956264411 3
"157" 0.00859277699939568 0.086906609409813 0.904500613590791 3
"158" 0.0104955928606683 0.984829628466731 0.00467477867260124 2
"159" 0.016369662876848 0.974309160020129 0.0093211771030234 2
"160" 0.819692571409695 0.132705040564082 0.0476023880262229 1
"161" 0.698126147857083 0.129242313694239 0.172631538448678 1
"162" 0.32090539258052 0.014150304140052 0.664944303279428 3
"163" 0.0405775264793375 0.94810506927899 0.0113174042416729 2
"164" 0.0256408968518471 0.969328953660705 0.00503014948744785 2
"165" 0.0173506213278548 0.967912309593802 0.0147370690783429 2
"166" 0.839351851122182 0.0685742218100854 0.0920739270677329 1
"167" 0.768581343181552 0.178451039582127 0.0529676172363218 1
"168" 0.330027645425769 0.0500146851170025 0.619957669457229 3
"169" 0.22112347353374 0.724703736466315 0.054172789999945 2
"170" 0.00396051363271032 0.986880643113882 0.00915884325340752 2
"171" 0.0268602328792072 0.965031474085235 0.00810829303555737 2
"172" 0.933318112766081 0.040732525887707 0.0259493613462123 1
"173" 0.0796999536926445 0.0259349649018992 0.894365081405456 3
"174" 0.217070054878101 0.0194882454634409 0.763441699658458 3
"175" 0.25046182413575 0.712992553937889 0.0365456219263611 2
"176" 0.113761269144506 0.85425277170456 0.0319859591509346 2
"177" 0.664830254809591 0.21050141179939 0.124668333391018 1
"178" 0.818368672089827 0.0756364764666047 0.105994851443568 1
"179" 0.125156777711293 0.0209701274468517 0.853873094841856 3
"180" 0.219377748142028 0.0253808876299349 0.755241364228037 3
"181" 0.0130038842608878 0.982349367331737 0.00464674840737551 2
"182" 0.0350744776721604 0.951853768353743 0.0130717539740963 2
"183" 0.899994913339452 0.0824178971986588 0.0175871894618896 1
"184" 0.816817955996756 0.0763381922647819 0.106843851738462 1
"185" 0.0624537559590678 0.0855303979099688 0.852015846130963 3
"186" 0.202261057853218 0.0287303500447531 0.769008592102029 3
"187" 0.00607771608106874 0.984371056888255 0.00955122703067664 2
"188" 0.0137417506735052 0.977638566693204 0.00861968263329026 2
"189" 0.842642993781839 0.0497844350533816 0.107572571164779 1
"190" 0.894556339087065 0.0564154146892021 0.0490282462237332 1
"191" 0.28933025900458 0.0450285399779878 0.665641201017432 3
"192" 0.158653433826115 0.756931662925074 0.0844149032488107 2
"193" 0.0303595853737962 0.961627404629584 0.00801300999662017 2
"194" 0.0140820765134199 0.970236050047435 0.0156818734391448 2
"195" 0.521878038697958 0.188034945455612 0.29008701584643 1
"196" 0.843931392139171 0.118028282146614 0.0380403257142146 1
"197" 0.387672960483301 0.0470690202973923 0.565258019219307 3
"198" 0.0126639998877073 0.976595493902043 0.0107405062102493 2
"199" 0.111248129634781 0.800798892544041 0.0879529778211781 2
"200" 0.0363233336012537 0.956452173831129 0.0072244925676177 2
"201" 0.829969101550506 0.0614521181061537 0.10857878034334 1
"202" 0.917460177146871 0.0488031348613331 0.0337366879917957 1
"203" 0.441332175472959 0.0448331009510163 0.513834723576024 3
"204" 0.27397602634797 0.0292119936324754 0.696811980019555 3
"205" 0.0268155934754228 0.963829545120453 0.00935486140412377 2
"206" 0.153833633240936 0.765397405545367 0.0807689612136969 2
"207" 0.674410174710698 0.218067332174387 0.107522493114915 1
"208" 0.875906095190964 0.0397666655471116 0.0843272392619248 1
"209" 0.167132139880361 0.0160388498110868 0.816829010308552 3
"210" 0.406238339174045 0.0138334617430457 0.57992819908291 3
"211" 0.00807333229187608 0.986579119520841 0.00534754818728279 2
"212" 0.00339438424932864 0.986878113908597 0.00972750184207423 2
"213" 0.414456969311414 0.26202173033113 0.323521300357456 1
"214" 0.936403985958029 0.0420837393423795 0.0215122746995917 1
"215" 0.233762877263236 0.0264003972320018 0.739836725504762 3
"216" 0.388984507161984 0.0404762650962853 0.570539227741731 3
"217" 0.0176448688453304 0.971383969210962 0.0109711619437071 2
"218" 0.0308112379242342 0.952739876056054 0.0164488860197121 2
"219" 0.64258892081142 0.0914294245046259 0.265981654683954 1
"220" 0.0752363251825107 0.0227652782712667 0.901998396546223 3
"221" 0.0856254023782455 0.882270469205487 0.0321041284162674 2
"222" 0.194848454341193 0.733410602758799 0.0717409429000073 2
"223" 0.0165336165483165 0.976028129903289 0.00743825354839496 2
"224" 0.766415260885687 0.160619011882896 0.0729657272314169 1
"225" 0.886004115558938 0.0877615836839661 0.0262343007570956 1
"226" 0.0517248723648555 0.0788344497180861 0.869440677917058 3
"227" 0.236260338509578 0.738490581149923 0.0252490803404987 2
"228" 0.0634963840239389 0.928866109500262 0.00763750647579908 2
"229" 0.0153260999425354 0.968317279966882 0.0163566200905827 2
"230" 0.781808439951119 0.0739685247613383 0.144223035287542 1
"231" 0.344530747595239 0.0443451951525114 0.61112405725225 3
"232" 0.129985739051866 0.0252404834370417 0.844773777511093 3
"233" 0.189134776782079 0.780231894607983 0.0306333286099379 2
"234" 0.0195803988049346 0.971829372229719 0.008590228965346 2
"235" 0.521073453989965 0.300770014227723 0.178156531782312 1
"236" 0.756140239058135 0.12339165106765 0.120468109874215 1
"237" 0.391366062087342 0.0217510280223834 0.586882909890275 3
"238" 0.0122524382607046 0.983105157970206 0.00464240376908955 2
"239" 0.215132470936834 0.735097313463408 0.049770215599758 2
"240" 0.923746930044548 0.0492510138080458 0.0270020561474064 1
"241" 0.814069540368899 0.0784440501101313 0.107486409520969 1
"242" 0.258130224885762 0.032988090061541 0.708881685052697 3
"243" 0.445643169911257 0.043748858319103 0.51060797176964 3
"244" 0.162226828036559 0.757540664454973 0.0802325075084673 2
"245" 0.0123982537692462 0.971291448956188 0.0163102972745654 2
"246" 0.834524140952805 0.0429422295121979 0.122533629534998 1
"247" 0.820188911203182 0.13155358563912 0.0482575031576978 1
"248" 0.0412517678450314 0.0844670612056354 0.874281170949333 3
"249" 0.00640841945051662 0.984468912315003 0.00912266823448059 2
"250" 0.0366640867064937 0.957190948169213 0.00614496512429369 2
"251" 0.0389852826842981 0.947966078127735 0.0130486391879673 2
"252" 0.486930126096113 0.264172233624614 0.248897640279273 1
"253" 0.911005149776403 0.0687686065150169 0.0202262437085805 1
"254" 0.0445341495176237 0.0218533386688148 0.933612511813562 3
"255" 0.0155859317071752 0.975240387146835 0.00917368114598992 2
"256" 0.0801485463454719 0.904035688953505 0.0158157647010231 2
"257" 0.0457114022989295 0.949878453043795 0.00441014465727513 2
"258" 0.735087673538338 0.195893730483777 0.0690185959778849 1
"259" 0.896787296893652 0.0846054718378073 0.0186072312685412 1
"260" 0.296755215756256 0.0725271569767834 0.63071762726696 3
"261" 0.0816190460123556 0.0177405910277427 0.900640362959902 3
"262" 0.179446059359378 0.748694490122045 0.071859450518577 2
"263" 0.0137131441480158 0.972473579890129 0.0138132759618554 2
"264" 0.905885794103206 0.0535810727565578 0.0405331331402359 1
"265" 0.444344472584317 0.349545577512514 0.206109949903169 1
"266" 0.0108563116163826 0.135340808296069 0.853802880087548 3
"267" 0.317351928103279 0.0593489545444426 0.623299117352278 3
"268" 0.0200011787786133 0.973643116593919 0.00635570462746806 2
"269" 0.0061153443086419 0.984984591000915 0.00890006469044315 2
"270" 0.862433569026998 0.0558875271350488 0.0816789038379531 1
"271" 0.836930453937179 0.111081093193147 0.0519884528696742 1
"272" 0.260326002992135 0.0159631047937145 0.72371089221415 3
"273" 0.172780632796953 0.0284115559689563 0.79880781123409 3
"274" 0.0365168770423603 0.95964112048727 0.00384200247036956 2
"275" 0.00988503964936177 0.986770648359513 0.00334431199112551 2
"276" 0.82687329241819 0.0657420746192385 0.107384632962571 1
"277" 0.932355918862447 0.0460771375477304 0.0215669435898222 1
"278" 0.142452877627431 0.0305614392345553 0.826985683138014 3
"279" 0.170454190576169 0.725684354694285 0.103861454729546 2
"280" 0.0943791638099634 0.879085870915422 0.0265349652746142 2
"281" 0.016343151247953 0.971732845150812 0.0119240036012355 2
"282" 0.735195850091732 0.0601268603059888 0.20467728960228 1
"283" 0.0624714463328424 0.025841568690055 0.911686984977103 3
"284" 0.19146136711525 0.780715947261796 0.0278226856229544 2
"285" 0.0472501845373739 0.941507691022156 0.0112421244404701 2
"286" 0.0268584874749749 0.963725154655199 0.0094163578698263 2
